vector3(4935.4, -4910.21, 2.46),
vector3(4890.58, -4922.27, 2.28),
vector3(4941.45, -4878.52, 2.79),
vector3(4964.5, -4811.15, 5.29),
vector3(4943.1, -4782.93, 8.47),
vector3(4917.31, -4758.51, 12.48),
vector3(4880.4, -4746.52, 13.26),
vector3(4829.14, -4695.31, 8.68),
vector3(4818.29, -4657.17, 15.02),
vector3(4814.32, -4588.1, 19.21),
vector3(4821.83, -4547.65, 19.24),
vector3(4852.29, -4486.12, 8.33),
vector3(4905.73, -4491.86, 8.4),
vector3(4977.23, -4511.38, 7.41),
vector3(5007.66, -4555.93, 7.29),
vector3(5023.66, -4605.15, 2.89),
vector3(5061.15, -4634.57, 1.14),
vector3(5094.84, -4653.05, 0.0),
vector3(5112.63, -4615.31, 1.44),
vector3(5155.42, -4629.11, 1.43),
vector3(5189.0, -4618.45, 5.76),
vector3(5173.83, -4591.69, 2.52),
vector3(5133.55, -4586.51, 3.51),
vector3(5106.28, -4560.41, 2.94),
vector3(5067.01, -4555.4, 4.36),
vector3(5024.13, -4543.92, 7.11),
vector3(4946.9, -4494.12, 7.35),
vector3(4913.49, -4467.84, 5.82),
vector3(4877.26, -4453.57, 6.55),
vector3(4839.29, -4457.38, 7.21),
vector3(4855.97, -4409.83, 6.78),
vector3(4850.08, -4361.41, 5.5),
vector3(4839.22, -4322.57, 4.23),
vector3(4805.47, -4302.06, 3.75),
vector3(4761.72, -4302.47, 5.15),
vector3(4722.11, -4337.45, 2.3),
vector3(4727.08, -4391.09, 3.91),
vector3(4735.17, -4412.49, 8.52),
vector3(4719.42, -4460.49, 6.01),
vector3(4673.31, -4453.51, 4.15),
vector3(4622.76, -4447.31, 3.24),
vector3(4565.9, -4481.74, 2.04),
vector3(4476.1, -4455.16, 2.73),
vector3(4458.12, -4502.86, 2.73),
vector3(4382.22, -4547.79, 2.71),
vector3(4355.27, -4570.33, 2.76),
vector3(4298.22, -4556.68, 2.82),
vector3(4249.77, -4569.51, 2.82),
vector3(4218.6, -4598.19, 2.8),
vector3(4169.99, -4601.82, 2.83),
vector3(4116.95, -4655.92, 2.78),
vector3(4020.65, -4643.21, 2.59),
vector3(3971.03, -4679.66, 2.78),
vector3(3936.23, -4718.91, 2.69),
vector3(3890.8, -4715.43, 0.23),
vector3(4817.31, -4461.4, 7.17),
vector3(5113.34, -4867.55, 11.35),
vector3(5084.95, -4841.64, 14.33),
vector3(5080.32, -4782.15, 8.41),
vector3(5103.25, -4734.87, 2.65),
vector3(5167.26, -4674.44, 1.19),
vector3(5182.97, -4641.89, 1.0),
vector3(5139.58, -4854.15, 5.19),
vector3(5144.87, -4891.17, 9.59),
vector3(5129.8, -4913.92, 14.11),
vector3(5129.43, -4942.24, 13.85),
vector3(5151.4, -4944.54, 13.01),
vector3(5168.92, -4955.62, 13.05),
vector3(5200.44, -4986.27, 13.14),
vector3(5225.98, -4991.91, 12.67),
vector3(5239.83, -4986.65, 17.29),
vector3(5267.51, -4990.26, 18.52),
vector3(5281.49, -5057.69, 16.7),
vector3(5303.04, -5074.85, 15.35),
vector3(5337.11, -5091.23, 11.92),
vector3(5377.83, -5115.69, 12.23),
vector3(5425.14, -5111.74, 11.89),
vector3(5443.98, -5117.49, 11.83),
vector3(5466.25, -5137.25, 11.83),
vector3(5492.58, -5179.6, 12.65),
vector3(5535.67, -5220.08, 11.64),
vector3(5555.26, -5232.16, 12.68),
vector3(5590.29, -5235.31, 13.62),
vector3(5604.76, -5211.44, 13.11),
vector3(5579.78, -5216.22, 13.61),
vector3(5559.69, -5201.65, 11.65),
vector3(5522.95, -5180.44, 10.85),
vector3(5491.84, -5139.82, 10.26),
vector3(5446.63, -5150.08, 12.22),
vector3(5408.59, -5139.67, 16.36),
vector3(5368.54, -5147.01, 22.51),
vector3(5323.04, -5180.32, 27.0),
vector3(5312.15, -5209.45, 30.72),
vector3(5293.27, -5239.87, 30.82),
vector3(5295.86, -5265.17, 30.63),
vector3(5286.36, -5288.61, 30.83),
vector3(5267.09, -5288.1, 28.45),
vector3(5237.04, -5253.98, 21.36),
vector3(5233.15, -5202.48, 13.58),
vector3(5253.34, -5164.57, 12.35),
vector3(5262.65, -5127.8, 12.37),
vector3(5285.96, -5099.8, 12.31),
vector3(5223.8, -5128.03, 10.67),
vector3(5201.69, -5106.48, 3.45),
vector3(5161.64, -5094.3, 1.07),
vector3(5156.46, -5061.44, 2.48),
vector3(5150.25, -5012.5, 6.51),
vector3(5149.67, -4986.39, 10.58),
vector3(5060.62, -5022.89, 0.97),
vector3(5012.32, -5029.04, 2.05),
vector3(4913.16, -5010.57, 24.65),
vector3(4876.36, -5017.51, 30.2),
vector3(4839.83, -5032.31, 29.57),
vector3(4808.13, -5036.89, 29.41),
vector3(4768.72, -5045.65, 24.25),
vector3(4755.41, -5015.18, 19.91),
vector3(4797.19, -4990.26, 28.25),
vector3(4829.92, -4985.76, 23.61),
vector3(4880.94, -4998.28, 28.25),
vector3(4966.76, -4981.98, 19.0),
vector3(4979.27, -4980.77, 26.29),
vector3(5049.39, -4966.64, 25.4),
vector3(5084.31, -4962.1, 27.07),
vector3(5099.11, -4967.69, 25.96),
vector3(5139.74, -5042.91, 3.36),
vector3(5133.81, -5126.2, 0.97),
vector3(5112.19, -5166.39, 1.15),
vector3(5124.0, -5207.31, 1.6),
vector3(5158.39, -5193.93, 1.96),
vector3(5160.42, -5238.25, 6.99),
vector3(5141.48, -5274.29, 7.52),
vector3(5084.42, -5277.24, 4.83),
vector3(5048.87, -5210.56, 1.53),
vector3(5017.21, -5148.81, 1.42),
vector3(4994.91, -5145.03, 1.31),
vector3(4964.0, -5152.55, 2.15),
vector3(4964.02, -5152.53, 1.46),
vector3(5005.26, -5188.03, 1.27),
vector3(5018.31, -5218.17, 4.87),
vector3(5007.74, -5248.83, 10.03),
vector3(5014.78, -5261.87, 16.75),
vector3(5018.52, -5295.77, 24.16),
vector3(5016.95, -5346.05, 23.98),
vector3(5013.88, -5377.52, 27.35),
vector3(5002.5, -5407.41, 32.34),
vector3(4973.6, -5435.08, 31.52),
vector3(4951.68, -5447.92, 31.85),
vector3(4916.3, -5472.98, 28.9),
vector3(4901.11, -5459.55, 29.64),
vector3(4856.79, -5488.52, 23.99),
vector3(4843.42, -5450.26, 18.5),
vector3(4865.44, -5414.43, 17.18),
vector3(4859.57, -5391.15, 15.47),
vector3(4886.48, -5379.36, 12.09),
vector3(4903.93, -5341.49, 9.23),
vector3(4938.45, -5328.9, 6.65),
vector3(4950.4, -5316.46, 6.97),
vector3(4943.01, -5282.43, 3.35),
vector3(4927.47, -5261.7, 3.22),
vector3(4902.48, -5241.5, 3.14),
vector3(4875.1, -5244.93, 9.84),
vector3(4862.41, -5285.58, 7.95),
vector3(4864.67, -5332.42, 12.34),
vector3(4854.24, -5350.38, 12.59),
vector3(4939.6, -5221.34, 1.39),
vector3(4944.17, -5185.13, 1.38),
vector3(4968.4, -5093.26, 2.15),
vector3(4999.31, -5065.46, 1.08),
vector3(5041.94, -5084.17, 2.33),
vector3(5068.55, -5139.88, 3.83),
vector3(5069.94, -5182.83, 3.02),
vector3(5097.63, -5320.92, 20.88),
vector3(5140.72, -5362.27, 33.98),
vector3(5166.84, -5368.12, 41.56),
vector3(5206.36, -5375.07, 56.41),
vector3(5232.54, -5395.82, 65.35),
vector3(5248.23, -5429.23, 63.13),
vector3(5266.15, -5427.38, 64.46),
vector3(5286.9, -5421.18, 63.57),
vector3(5308.72, -5464.55, 56.76),
vector3(5342.39, -5493.58, 52.13),
vector3(5366.41, -5528.57, 51.39),
vector3(5385.67, -5565.69, 51.13),
vector3(5387.78, -5621.13, 51.47),
vector3(5391.74, -5677.74, 47.12),
vector3(5390.05, -5728.65, 39.49),
vector3(5430.88, -5719.7, 34.55),
vector3(5464.98, -5717.11, 29.41),
vector3(5471.47, -5755.05, 24.93),
vector3(5462.02, -5791.37, 20.34),
vector3(5455.77, -5823.96, 19.97),
vector3(5464.29, -5846.09, 18.64),
vector3(5475.37, -5843.86, 19.75),
vector3(5489.4, -5844.98, 18.49),
vector3(5495.14, -5824.03, 18.05),
vector3(5509.66, -5797.72, 16.6),
vector3(5521.97, -5753.94, 15.67),
vector3(5525.68, -5714.44, 14.46),
vector3(5528.55, -5676.4, 20.98),
vector3(5465.51, -5632.59, 36.98),
vector3(5430.61, -5581.55, 40.22),
vector3(5438.06, -5516.78, 36.7),
vector3(5435.35, -5473.8, 38.79),
vector3(5453.52, -5430.67, 37.39),
vector3(5442.89, -5405.27, 35.25),
vector3(5431.3, -5394.16, 37.89),
vector3(5426.69, -5352.27, 30.62),
vector3(5438.93, -5306.79, 23.56),
vector3(5476.98, -5297.81, 18.32),
vector3(5522.06, -5310.61, 12.36),
vector3(5528.13, -5272.76, 11.22),
vector3(5510.56, -5218.22, 11.83),
vector3(5449.57, -5237.72, 26.5),
vector3(5407.62, -5292.4, 32.83),
vector3(5347.1, -5273.19, 32.51),
vector3(5327.46, -5251.36, 31.83),
vector3(5358.96, -5209.52, 29.59),
vector3(5390.42, -5183.83, 30.23),
vector3(5405.98, -5212.27, 32.96),
vector3(5385.96, -5426.14, 44.43),
vector3(5354.08, -5382.09, 41.78),
vector3(5329.41, -5345.99, 37.73),
vector3(5300.12, -5329.0, 34.57),
vector3(5314.85, -5315.51, 34.75),
vector3(5362.07, -5459.61, 49.22),
vector3(5350.07, -5540.92, 52.65),
vector3(5326.09, -5547.86, 55.52),
vector3(5321.09, -5569.7, 61.26),
vector3(5311.58, -5594.22, 63.32),
vector3(5311.93, -5613.18, 63.39),
vector3(5269.2, -5652.06, 39.97),
vector3(5274.99, -5682.98, 31.15),
vector3(5273.5, -5740.17, 16.01),
vector3(5336.18, -5761.27, 30.38),
vector3(5400.92, -5792.71, 33.88),
vector3(5418.05, -5836.11, 23.84),
vector3(5382.89, -5848.95, 21.79),
vector3(5307.64, -5823.13, 13.73),
vector3(5254.81, -5778.56, 17.11),
vector3(5196.24, -5728.64, 16.78),
vector3(5141.72, -5675.8, 21.86),
vector3(5094.98, -5614.33, 34.29),
vector3(5062.31, -5586.04, 31.79),
vector3(5097.2, -5535.44, 53.08),
vector3(5107.29, -5522.16, 53.11),
vector3(5141.06, -5506.13, 51.55),
vector3(5169.97, -5493.64, 48.09),
vector3(5210.5, -5513.9, 46.0),
vector3(5256.2, -5505.42, 49.39),
vector3(5291.14, -5495.25, 51.39),
vector3(5374.46, -5500.91, 50.19),
vector3(5403.49, -5488.37, 45.27),
vector3(5496.15, -5474.75, 27.64),
vector3(5524.69, -5489.66, 22.58),
vector3(5555.3, -5497.71, 20.46),
vector3(5580.81, -5484.36, 17.6),
vector3(5599.7, -5484.38, 15.64),
vector3(5570.59, -5391.5, 18.12),
vector3(5553.77, -5355.21, 24.04),
vector3(5576.71, -5289.56, 15.46),
vector3(5599.97, -5259.86, 13.93),
vector3(5583.4, -5328.51, 18.77),
vector3(5525.41, -5399.99, 24.6),
vector3(5481.98, -5366.9, 24.62),
vector3(5541.01, -5318.2, 17.1),
vector3(4994.98, -4772.57, 13.51),
vector3(5002.77, -4739.68, 11.21),
vector3(5013.79, -4696.0, 7.84),
vector3(5017.3, -4653.17, 4.79),
vector3(4991.53, -4677.88, 6.5),
vector3(4960.54, -4721.25, 7.27),
vector3(4954.69, -4762.56, 7.28),
vector3(4857.87, -4547.36, 19.02),
vector3(4895.52, -4530.49, 17.75),
vector3(4936.27, -4562.29, 18.39),
vector3(4950.55, -4620.25, 12.64),
vector3(4930.56, -4672.62, 11.41),
vector3(4895.2, -4703.98, 9.88),
vector3(4874.44, -4643.38, 12.14),
vector3(4885.93, -4592.96, 16.25),
vector3(4852.2, -4558.06, 19.65),
vector3(4785.94, -4555.19, 22.21),
vector3(4757.52, -4542.24, 24.33),
vector3(4716.83, -4542.22, 23.7),
vector3(4663.83, -4521.32, 17.59),
vector3(4626.29, -4542.76, 11.86),
vector3(4587.66, -4549.51, 8.42),
vector3(4553.0, -4541.92, 4.48),
vector3(4521.95, -4525.3, 3.21),
vector3(4503.46, -4515.36, 3.02),
vector3(4471.44, -4533.62, 3.52),
vector3(4512.19, -4605.18, 6.63),
vector3(4525.84, -4641.18, 10.19),
vector3(4516.58, -4659.65, 10.39),
vector3(4579.49, -4625.82, 5.7),
vector3(4620.02, -4618.52, 6.49),
vector3(4658.89, -4606.91, 10.03),
vector3(4693.75, -4592.84, 12.3),
vector3(4726.68, -4599.5, 12.01),
vector3(4763.59, -4604.31, 14.64),
vector3(4798.48, -4699.48, 7.02),
vector3(4821.46, -4732.02, 9.98),
vector3(4933.11, -4723.31, 9.87),
vector3(4955.7, -4682.37, 11.18),
vector3(4975.42, -4630.62, 11.9),
vector3(4987.26, -4596.31, 12.06),
vector3(5035.05, -4529.62, 6.17),
vector3(5027.36, -4489.4, 4.1),
vector3(4987.99, -4448.06, 3.63),
vector3(4937.69, -4420.12, 2.72),
vector3(4899.33, -4405.19, 3.1),
vector3(4856.48, -4337.07, 7.64),
vector3(4974.63, -5459.04, 31.59),
vector3(4975.89, -5505.22, 29.22),
vector3(4978.57, -5543.91, 26.43),
vector3(4978.7, -5600.53, 22.5),
vector3(4963.26, -5625.33, 22.01),
vector3(4951.66, -5662.06, 20.49),
vector3(4973.41, -5701.55, 18.64),
vector3(4981.88, -5710.87, 18.89),
vector3(4996.21, -5678.89, 19.15),
vector3(5020.03, -5659.33, 19.03),
vector3(5058.39, -5689.19, 15.89),
vector3(5087.63, -5720.22, 14.65),
vector3(5113.46, -5698.1, 19.97),
vector3(5116.39, -5658.21, 26.78),
vector3(5076.93, -5643.16, 25.94),
vector3(5003.37, -5642.6, 16.58),
vector3(4930.03, -5697.44, 21.45),
vector3(4910.08, -5740.76, 24.46),
vector3(4872.16, -5731.9, 26.08),
vector3(4844.13, -5721.58, 26.76),
vector3(4798.04, -5728.85, 24.19),
vector3(4760.28, -5706.45, 20.58),
vector3(4763.04, -5652.87, 20.39),
vector3(4765.85, -5601.45, 22.12),
vector3(4782.91, -5570.78, 22.6),
vector3(4829.06, -5577.66, 24.74),
vector3(4890.95, -5580.79, 25.65),
vector3(4921.44, -5585.2, 24.53),
vector3(4903.44, -5635.02, 22.94),
vector3(4865.6, -5635.94, 24.24),
vector3(4816.49, -5655.81, 19.47),
vector3(4793.18, -5676.39, 19.17),
vector3(4764.8, -5750.12, 20.18),
vector3(4767.44, -5783.12, 25.5),
vector3(4789.85, -5804.75, 31.5),
vector3(4830.22, -5819.69, 32.02),
vector3(4867.23, -5830.46, 27.49),
vector3(4905.46, -5852.01, 25.35),
vector3(4954.06, -5841.09, 20.54),
vector3(4941.88, -5807.53, 20.9),
vector3(4948.87, -5767.14, 19.64),
vector3(4925.04, -5771.93, 20.46),
vector3(4799.54, -5845.5, 25.14),
vector3(4795.28, -5880.8, 22.29),
vector3(4802.96, -5907.53, 20.96),
vector3(4802.66, -5955.27, 15.81),
vector3(4827.82, -5981.49, 15.95),
vector3(4843.8, -5921.61, 17.2),
vector3(4848.82, -5884.26, 17.73),
vector3(4875.18, -5869.52, 18.3),
vector3(4908.41, -5832.52, 27.11),
