vector3(5174.7, -4965.8, 12.95),
vector3(5066.96, -4888.13, 15.34),
vector3(5019.42, -4918.8, 10.22),
vector3(4956.25, -4845.14, 3.62),
vector3(4946.44, -4733.82, 7.73),
vector3(5041.77, -4610.12, 2.13),
vector3(4962.33, -4486.59, 8.22),
vector3(4834.42, -4480.74, 8.0),
vector3(4740.25, -4425.65, 11.54),
vector3(4476.02, -4452.15, 3.05),
vector3(4482.99, -4544.57, 3.63),
vector3(4689.93, -4650.36, 2.24),
vector3(4998.49, -4740.72, 11.32),
vector3(5158.58, -5072.16, 2.05),
vector3(5159.36, -5238.89, 7.19),
vector3(5074.83, -5262.5, 4.51),
vector3(5024.92, -5148.23, 2.39),
vector3(4908.0, -5205.38, 2.01),
vector3(4939.41, -5322.72, 6.29),
vector3(4846.01, -5471.89, 20.92),
vector3(4952.84, -5514.04, 33.38),
vector3(4939.27, -5605.87, 22.84),
vector3(4972.02, -5700.92, 18.86),
vector3(4930.04, -5810.15, 22.19),
vector3(4803.27, -5804.48, 34.7),
vector3(4766.04, -5714.64, 20.77),
vector3(4779.86, -5570.46, 22.53),
vector3(5034.9, -5582.89, 26.96),
vector3(5143.74, -5574.37, 39.32),
vector3(5255.41, -5505.2, 49.52),
vector3(5366.98, -5463.05, 49.67),
vector3(5432.42, -5356.98, 31.5),
vector3(5520.83, -5304.98, 12.06),
vector3(5559.15, -5233.96, 12.82),
vector3(5470.39, -5152.1, 12.36),
vector3(5283.27, -5104.22, 12.61),
vector3(5204.28, -5044.91, 12.63),
