vector3(-403.49, 197.88, 81.62),
vector3(-373.88, 183.36, 79.0),
vector3(-207.99, 283.52, 91.62),
vector3(-74.55, 206.61, 95.15),
vector3(-116.74, 83.51, 70.17),
vector3(-58.75, 16.79, 71.1),
vector3(-84.61, -83.67, 56.74),
vector3(-145.93, -67.23, 53.45),
vector3(-164.55, -34.64, 51.56),
vector3(-239.64, -77.47, 48.37),
vector3(-192.97, -117.21, 47.39),
vector3(-131.5, -110.99, 55.09),
vector3(308.8, -355.61, 44.27),
vector3(329.74, -283.53, 52.84),
vector3(242.98, -247.57, 52.86),
vector3(248.37, -205.92, 52.91),
vector3(376.54, -145.64, 63.45),
vector3(300.86, -110.02, 68.3),
vector3(300.92, -59.57, 69.27),
vector3(279.31, -26.79, 72.38),
vector3(282.68, 11.1, 78.31),
vector3(326.61, 76.21, 95.06),
vector3(475.69, 76.66, 96.18),
vector3(548.56, 141.69, 97.66),
vector3(597.24, 221.52, 101.19),
vector3(669.39, 200.64, 92.77),
vector3(762.38, 149.37, 79.34),
vector3(810.54, 213.65, 80.39),
vector3(860.62, 245.05, 83.14),
vector3(975.11, 371.6, 90.33),
vector3(1003.96, 478.16, 96.11),
vector3(1118.41, 557.99, 96.08),
vector3(1284.91, 875.35, 104.7),
vector3(1306.96, 1057.6, 104.62),
vector3(1358.13, 1150.78, 112.65),
vector3(1407.51, 1118.52, 113.73),
vector3(994.47, 511.04, 100.32),
vector3(917.02, 518.99, 117.28),
vector3(876.55, 522.04, 123.74),
vector3(804.43, 564.17, 124.8),
vector3(737.57, 565.44, 124.78),
vector3(687.22, 584.04, 129.34),
vector3(636.64, 599.45, 127.79),
vector3(662.9, 681.09, 127.79),
vector3(796.29, 610.03, 124.85),
vector3(852.75, 590.79, 129.37),
vector3(916.92, 632.88, 161.85),
vector3(931.26, 675.6, 174.96),
vector3(939.74, 713.57, 180.0),
vector3(938.08, 815.9, 193.57),
vector3(951.51, 936.32, 219.43),
vector3(817.35, 931.97, 233.09),
vector3(771.01, 826.53, 209.83),
vector3(663.43, 782.95, 204.39),
vector3(565.19, 813.16, 199.84),
vector3(476.18, 860.82, 196.96),
vector3(419.08, 901.51, 198.49),
vector3(382.63, 933.57, 201.84),
vector3(345.98, 1004.36, 209.4),
vector3(293.72, 1011.05, 209.3),
vector3(268.97, 970.59, 209.66),
vector3(225.28, 935.11, 209.62),
vector3(128.46, 947.43, 209.72),
vector3(111.54, 1004.25, 212.98),
vector3(44.66, 1028.31, 217.01),
vector3(-17.82, 1060.52, 218.45),
vector3(-93.5, 1119.67, 260.67),
vector3(-167.18, 1104.46, 261.54),
vector3(-196.51, 1049.21, 232.47),
vector3(-172.49, 971.04, 235.95),
vector3(-94.75, 919.61, 234.74),
vector3(-66.23, 892.45, 234.47),
vector3(-107.53, 827.95, 234.6),
vector3(-269.94, 746.82, 207.22),
vector3(-362.07, 762.36, 216.26),
vector3(-394.29, 829.26, 223.86),
vector3(-371.99, 917.98, 229.45),
vector3(-463.27, 906.69, 237.98),
vector3(-570.83, 939.91, 240.69),
vector3(-703.04, 1005.8, 237.88),
vector3(-716.52, 941.83, 234.81),
vector3(-668.08, 909.72, 228.88),
vector3(-549.27, 830.34, 196.54),
vector3(-462.73, 779.97, 173.39),
vector3(-536.92, 676.97, 143.3),
vector3(-500.14, 609.23, 126.25),
vector3(-543.69, 544.95, 109.45),
vector3(-560.86, 431.47, 98.39),
vector3(-578.53, 398.26, 99.52),
vector3(-632.13, 401.7, 100.01),
vector3(-708.22, 355.9, 90.37),
vector3(-769.04, 357.12, 86.77),
vector3(-846.37, 293.66, 85.25),
vector3(-802.7, 274.33, 84.86),
vector3(-776.04, 278.08, 84.76),
vector3(-749.57, 299.03, 84.35),
vector3(-714.49, 299.59, 83.29),
vector3(-690.28, 281.35, 81.53),
vector3(-645.96, 283.55, 80.12),
vector3(-560.62, 142.71, 61.95),
vector3(-641.02, 111.42, 56.04),
vector3(-643.98, 34.96, 38.52),
vector3(-672.01, 79.11, 50.01),
vector3(-766.3, 92.58, 54.18),
vector3(-817.62, 79.03, 52.11),
vector3(-849.73, 96.65, 50.98),
vector3(-855.41, 147.99, 61.82),
vector3(-872.1, 185.73, 69.78),
vector3(-888.72, 211.4, 71.54),
vector3(-954.63, 237.41, 68.72),
vector3(-1001.38, 246.13, 65.98),
vector3(-1114.49, 247.7, 64.0),
vector3(-1054.9, 201.89, 60.07),
vector3(-1041.38, 200.58, 61.52),
vector3(-1043.18, 113.81, 52.49),
vector3(-1005.89, 52.33, 50.62),
vector3(-961.64, 36.19, 48.73),
vector3(-945.05, -42.17, 40.27),
vector3(-898.72, -51.13, 37.74),
vector3(-906.98, -101.55, 37.0),
vector3(-960.29, -119.9, 37.66),
vector3(-977.67, -146.0, 36.74),
vector3(-1043.59, -145.85, 37.34),
vector3(-1099.6, -199.31, 37.19),
vector3(-1135.56, -257.87, 36.87),
vector3(-1237.81, -380.15, 36.17),
vector3(-1313.48, -406.79, 35.3),
vector3(-1388.32, -446.47, 33.49),
vector3(-1468.71, -468.59, 34.26),
vector3(-1495.39, -488.58, 34.64),
vector3(-1557.02, -522.66, 34.56),
vector3(-1596.19, -552.9, 33.73),
vector3(-1650.81, -609.75, 32.43),
vector3(-1732.57, -539.58, 36.13),
vector3(-1768.61, -495.85, 38.37),
vector3(-1822.98, -448.04, 41.83),
vector3(-1895.12, -393.74, 47.54),
vector3(-1914.8, -326.87, 47.26),
vector3(-1797.18, -288.59, 41.84),
vector3(-1714.92, -340.11, 46.41),
vector3(-1649.98, -310.51, 49.59),
vector3(-1617.71, -215.46, 53.54),
vector3(-1559.41, -150.43, 54.37),
vector3(-1462.65, -133.64, 49.48),
vector3(-1409.1, -206.53, 45.83),
vector3(-1342.33, -209.58, 42.61),
vector3(-1297.59, -170.53, 42.42),
vector3(-1259.37, -118.09, 42.35),
vector3(-1172.37, -102.46, 38.86),
vector3(-1072.95, -154.41, 36.73),
vector3(-697.54, 40.35, 42.08),
vector3(-634.57, 55.23, 42.62),
vector3(-641.99, 108.58, 56.05),
vector3(-657.54, 150.26, 56.6),
vector3(-658.93, 204.77, 71.88),
vector3(-557.86, 272.7, 81.87),
vector3(-184.38, 273.49, 91.42),
vector3(-54.81, 275.31, 103.02),
vector3(3.26, 277.2, 108.02),
vector3(58.78, 268.09, 108.45),
vector3(109.37, 210.57, 106.51),
vector3(44.12, 233.03, 108.43),
vector3(110.37, 165.42, 103.44),
vector3(174.53, 141.25, 98.98),
vector3(149.13, 77.45, 81.39),
vector3(165.75, 23.76, 71.81),
vector3(205.57, -42.23, 67.63),
vector3(244.97, -41.78, 68.77),
vector3(248.5, -92.88, 68.97),
vector3(385.48, -91.01, 65.87),
vector3(439.82, -28.08, 78.03),
vector3(477.46, 42.6, 91.18),
vector3(535.99, 33.26, 93.24),
vector3(594.82, 29.18, 89.95),
vector3(651.38, 50.58, 85.53),
vector3(667.22, 5.45, 80.7),
vector3(670.94, -53.82, 78.64),
vector3(644.7, -95.97, 73.42),
vector3(693.73, -109.52, 73.44),
vector3(746.37, -161.01, 73.68),
vector3(798.01, -170.04, 72.06),
vector3(828.07, -211.42, 71.66),
vector3(817.95, -264.78, 64.71),
vector3(777.66, -237.9, 65.0),
vector3(860.69, -198.19, 70.37),
vector3(906.33, -235.72, 68.15),
vector3(937.74, -282.25, 65.91),
vector3(929.25, -319.38, 65.46),
vector3(864.99, -322.66, 60.38),
vector3(828.15, -346.56, 54.79),
vector3(748.18, -366.2, 43.86),
vector3(678.7, -374.27, 39.9),
vector3(671.08, -429.4, 40.17),
vector3(774.19, -476.36, 35.2),
vector3(793.15, -558.44, 30.97),
vector3(761.14, -607.54, 27.72),
vector3(732.23, -605.33, 26.83),
vector3(725.85, -569.75, 25.47),
vector3(739.12, -528.63, 25.91),
vector3(763.27, -673.22, 27.74),
vector3(797.84, -711.31, 27.95),
vector3(789.95, -764.01, 25.35),
vector3(818.58, -762.03, 25.57),
vector3(830.98, -812.2, 25.14),
vector3(787.25, -847.09, 24.57),
vector3(791.34, -899.65, 24.03),
vector3(763.63, -918.19, 24.22),
vector3(741.71, -918.98, 23.85),
vector3(733.88, -878.25, 23.9),
vector3(700.24, -857.19, 22.69),
vector3(674.92, -796.75, 22.49),
vector3(662.41, -725.85, 23.12),
vector3(676.06, -660.81, 24.39),
vector3(681.76, -617.33, 24.37),
vector3(703.79, -601.13, 24.91),
vector3(730.57, -617.42, 26.33),
vector3(768.99, -612.94, 27.66),
vector3(790.23, -564.06, 30.66),
vector3(760.52, -516.77, 34.04),
vector3(729.22, -475.15, 35.9),
vector3(677.6, -435.19, 39.48),
vector3(677.17, -401.09, 40.49),
vector3(642.99, -371.73, 41.76),
vector3(592.27, -391.84, 42.34),
vector3(503.64, -343.86, 42.77),
vector3(462.75, -329.28, 45.96),
vector3(428.33, -316.13, 48.43),
vector3(392.82, -260.59, 52.47),
vector3(446.08, -282.85, 48.33),
vector3(458.9, -279.42, 47.59),
vector3(493.76, -257.97, 46.39),
vector3(493.3, -184.13, 51.85),
vector3(485.04, -164.96, 54.33),
vector3(519.85, -154.12, 55.85),
vector3(532.27, -206.2, 51.17),
vector3(560.66, -100.07, 65.48),
vector3(625.97, -80.02, 72.6),
vector3(626.67, -34.76, 77.44),
vector3(626.64, -34.36, 77.25),
vector3(624.58, -33.08, 79.64),
vector3(660.96, -9.22, 82.71),
vector3(696.45, 42.57, 83.11),
vector3(739.48, 102.79, 78.69),
vector3(748.56, 131.95, 78.21),
vector3(736.32, 213.17, 86.24),
vector3(714.8, 200.64, 87.22),
vector3(667.86, 225.34, 94.03),
vector3(603.72, 244.26, 101.69),
vector3(520.96, 269.8, 101.93),
vector3(515.74, 313.22, 126.9),
vector3(486.12, 351.35, 135.54),
vector3(468.44, 393.62, 137.64),
vector3(413.66, 425.9, 140.64),
vector3(369.31, 437.48, 143.32),
vector3(340.82, 470.02, 148.1),
vector3(326.64, 481.16, 150.16),
vector3(337.43, 545.02, 152.93),
vector3(310.93, 575.08, 153.15),
vector3(297.63, 599.59, 153.08),
vector3(272.18, 596.75, 151.29),
vector3(275.34, 548.65, 141.25),
vector3(254.38, 525.52, 137.47),
vector3(247.06, 481.34, 126.09),
vector3(227.82, 446.33, 119.97),
vector3(239.51, 424.67, 118.84),
vector3(236.51, 404.43, 115.68),
vector3(206.72, 409.55, 116.51),
vector3(165.95, 420.54, 117.15),
vector3(130.93, 393.7, 113.86),
vector3(80.88, 378.73, 112.9),
vector3(55.27, 340.46, 111.77),
vector3(-57.48, 390.34, 113.03),
vector3(-102.01, 409.99, 112.96),
vector3(-130.85, 428.83, 112.33),
vector3(-177.39, 451.16, 115.32),
vector3(-227.69, 408.44, 108.29),
vector3(-255.88, 424.08, 107.34),
vector3(-301.51, 429.7, 107.07),
vector3(-325.85, 471.77, 108.74),
vector3(-356.68, 482.59, 111.95),
vector3(-361.78, 512.39, 118.29),
vector3(-392.37, 525.9, 120.76),
vector3(-412.84, 548.2, 121.54),
vector3(-439.07, 546.22, 120.58),
vector3(-468.62, 544.11, 119.33),
vector3(-499.45, 574.68, 119.34),
vector3(-487.24, 595.28, 124.61),
vector3(-522.9, 666.41, 140.15),
vector3(-556.64, 671.76, 143.87),
vector3(-618.88, 681.59, 148.79),
vector3(-684.36, 695.33, 153.58),
vector3(-704.41, 750.77, 165.0),
vector3(-675.39, 766.76, 172.17),
vector3(-639.92, 752.03, 176.72),
vector3(-578.19, 741.48, 182.7),
vector3(-598.47, 801.07, 189.46),
vector3(-685.19, 813.0, 203.26),
vector3(-733.04, 810.35, 212.17),
vector3(-750.82, 819.36, 212.35),
vector3(-744.13, 845.72, 213.99),
vector3(-730.2, 899.54, 224.66),
vector3(-789.33, 871.19, 203.24),
vector3(-851.07, 868.63, 201.77),
vector3(-877.89, 849.16, 200.05),
vector3(-912.05, 794.32, 183.59),
vector3(-906.98, 784.0, 184.67),
vector3(-962.76, 790.98, 176.29),
vector3(-991.68, 814.91, 172.54),
vector3(-1006.7, 794.44, 170.22),
vector3(-1041.44, 796.7, 166.18),
vector3(-1052.44, 764.79, 166.48),
vector3(-1030.96, 726.49, 164.5),
vector3(-1022.44, 697.37, 160.55),
vector3(-986.7, 704.71, 158.09),
vector3(-911.83, 696.31, 150.31),
vector3(-880.78, 710.09, 148.73),
vector3(-858.95, 698.19, 147.79),
vector3(-822.93, 716.54, 146.36),
vector3(-769.96, 704.76, 143.62),
vector3(-757.32, 642.78, 141.07),
vector3(-743.63, 629.46, 141.37),
vector3(-718.52, 591.13, 140.72),
vector3(-690.02, 610.54, 142.75),
vector3(-672.02, 649.09, 148.28),
vector3(-689.83, 667.81, 151.57),
vector3(-659.4, 695.34, 151.85),
vector3(-492.95, 659.74, 140.88),
vector3(-464.63, 645.61, 143.13),
vector3(-464.18, 673.93, 148.13),
vector3(-424.08, 684.71, 155.11),
vector3(-367.6, 675.87, 166.02),
vector3(-348.47, 630.54, 170.86),
vector3(-253.37, 601.91, 184.07),
vector3(-223.27, 611.69, 189.79),
vector3(-168.21, 599.93, 198.46),
vector3(-141.04, 621.17, 202.68),
vector3(-63.5, 594.35, 206.24),
vector3(-38.65, 612.47, 206.26),
vector3(4.52, 622.77, 206.01),
vector3(4.65, 622.8, 206.14),
vector3(59.86, 642.09, 206.29),
vector3(104.68, 631.18, 206.27),
vector3(143.84, 679.26, 206.81),
vector3(170.65, 648.56, 204.12),
vector3(193.66, 657.81, 199.56),
vector3(216.92, 679.4, 189.83),
vector3(210.74, 635.58, 186.9),
vector3(210.29, 605.81, 185.79),
vector3(178.15, 582.5, 183.71),
vector3(147.44, 567.64, 182.78),
vector3(93.01, 569.97, 181.15),
vector3(2.79, 545.67, 173.42),
vector3(-39.17, 537.85, 164.68),
vector3(-70.01, 525.54, 155.92),
vector3(-135.42, 527.95, 141.18),
vector3(-124.27, 509.61, 141.8),
vector3(-75.39, 507.79, 143.1),
vector3(-11.6, 485.03, 144.43),
vector3(2.66, 465.35, 144.89),
vector3(50.45, 465.29, 145.5),
vector3(101.1, 476.55, 146.2),
vector3(113.19, 493.58, 146.0),
vector3(169.54, 488.55, 141.78),
vector3(214.89, 518.53, 139.55),
vector3(284.17, 635.79, 156.29),
vector3(279.06, 677.78, 165.91),
vector3(305.49, 713.65, 174.73),
vector3(289.92, 748.42, 182.14),
vector3(293.88, 790.57, 185.4),
vector3(276.59, 821.23, 190.04),
vector3(245.68, 807.05, 196.41),
vector3(220.78, 786.46, 202.14),
vector3(183.07, 788.77, 206.79),
vector3(149.58, 785.61, 209.24),
vector3(120.87, 772.94, 210.11),
vector3(117.75, 737.99, 208.7),
vector3(117.04, 683.75, 207.58),
vector3(129.94, 653.22, 206.75),
vector3(152.02, 609.38, 193.66),
vector3(54.03, 573.4, 179.51),
vector3(-317.36, 441.67, 107.59),
vector3(-354.21, 427.62, 109.15),
vector3(-382.68, 426.02, 108.91),
vector3(-406.44, 395.56, 107.41),
vector3(-452.87, 409.0, 103.21),
vector3(-474.41, 393.94, 100.01),
vector3(-505.18, 414.08, 96.78),
vector3(-542.19, 455.69, 100.31),
vector3(-556.65, 504.64, 103.56),
vector3(-590.1, 507.04, 105.17),
vector3(-627.19, 509.96, 107.06),
vector3(-656.63, 485.42, 108.72),
vector3(-698.22, 495.2, 108.33),
vector3(-733.26, 463.72, 104.07),
vector3(-777.18, 451.6, 95.59),
vector3(-807.97, 426.9, 90.4),
vector3(-856.21, 446.09, 85.89),
vector3(-879.06, 422.46, 86.1),
vector3(-932.14, 415.67, 79.4),
vector3(-947.14, 435.17, 78.63),
vector3(-972.15, 486.36, 78.54),
vector3(-982.94, 516.28, 80.21),
vector3(-1015.24, 501.86, 78.45),
vector3(-1062.92, 441.13, 72.81),
vector3(-1093.46, 442.58, 74.13),
vector3(-1112.69, 466.41, 78.94),
vector3(-1179.21, 473.06, 85.7),
vector3(-1212.47, 465.26, 88.91),
vector3(-1246.65, 473.38, 91.99),
vector3(-1279.66, 454.11, 94.32),
vector3(-1309.99, 464.98, 97.55),
vector3(-1358.06, 456.69, 101.96),
vector3(-1401.39, 463.93, 105.97),
vector3(-1419.67, 485.55, 109.43),
vector3(-1440.88, 521.91, 116.79),
vector3(-1433.66, 569.72, 123.46),
vector3(-1417.42, 597.14, 127.19),
vector3(-1401.39, 622.39, 130.56),
vector3(-1342.64, 622.31, 134.29),
vector3(-1293.97, 637.5, 136.99),
vector3(-1231.05, 653.72, 141.63),
vector3(-1207.68, 704.34, 147.89),
vector3(-1170.17, 693.16, 146.7),
vector3(-1094.4, 680.8, 141.92),
vector3(-1045.56, 653.48, 140.68),
vector3(-970.69, 646.69, 137.42),
vector3(-897.04, 660.03, 133.32),
vector3(-821.84, 646.73, 128.03),
vector3(-797.12, 594.58, 126.1),
vector3(-762.19, 548.94, 120.02),
vector3(-725.05, 530.28, 111.79),
vector3(-663.7, 494.33, 108.89),
vector3(-857.89, 465.91, 86.34),
vector3(-858.23, 508.13, 87.75),
vector3(-915.93, 560.42, 97.7),
vector3(-945.62, 595.38, 99.85),
vector3(-1045.58, 592.3, 101.92),
vector3(-1090.55, 589.37, 101.86),
vector3(-1116.03, 562.74, 101.29),
vector3(-1163.46, 545.41, 99.64),
vector3(-1209.9, 551.54, 96.61),
vector3(-1242.01, 517.92, 93.98),
vector3(-1422.91, 192.95, 56.82),
vector3(-1453.72, 122.9, 51.19),
vector3(-1453.41, 67.23, 51.23),
vector3(-1491.25, 58.6, 52.88),
vector3(-1507.14, 35.71, 54.41),
vector3(-1564.35, 39.12, 57.68),
vector3(-1597.97, 51.51, 59.33),
vector3(-1631.08, 79.27, 60.94),
vector3(-1662.05, 103.82, 60.97),
vector3(-1669.89, 137.68, 62.19),
vector3(-1624.14, 156.49, 59.69),
vector3(-1621.36, 189.64, 59.3),
vector3(-1611.85, 227.8, 58.61),
vector3(-1563.32, 241.93, 58.12),
vector3(-1526.11, 226.72, 59.56),
vector3(-1492.72, 249.06, 60.28),
vector3(-1497.51, 279.08, 68.29),
vector3(-1521.01, 306.32, 75.72),
vector3(-1551.67, 342.41, 85.3),
vector3(-1586.07, 363.12, 84.96),
vector3(-1622.95, 396.85, 86.37),
vector3(-1662.18, 405.16, 87.87),
vector3(-1668.53, 393.04, 88.08),
vector3(-1718.47, 403.22, 87.9),
vector3(-1749.1, 374.83, 88.51),
vector3(-1789.82, 369.37, 87.42),
vector3(-1836.34, 338.43, 87.54),
vector3(-1861.58, 323.61, 87.71),
vector3(-1902.77, 343.86, 88.0),
vector3(-1926.93, 321.79, 88.07),
vector3(-1959.44, 339.22, 89.15),
vector3(-1957.92, 387.71, 93.76),
vector3(-1985.74, 427.18, 98.04),
vector3(-1994.81, 471.82, 102.39),
vector3(-1971.48, 500.75, 105.68),
vector3(-1942.44, 494.54, 105.1),
vector3(-1938.99, 502.42, 107.31),
vector3(-1953.58, 527.84, 108.37),
vector3(-1952.17, 543.88, 111.48),
vector3(-1938.86, 568.65, 111.13),
vector3(-1939.14, 596.74, 118.98),
vector3(-1920.2, 628.02, 123.2),
vector3(-1896.74, 653.0, 128.93),
vector3(-1869.29, 691.09, 127.78),
vector3(-1837.08, 725.57, 131.44),
vector3(-1793.95, 755.67, 135.68),
vector3(-1786.66, 797.16, 137.41),
vector3(-1811.48, 803.35, 137.25),
vector3(-1845.17, 790.51, 138.38),
vector3(-1882.58, 756.52, 139.21),
vector3(-1920.17, 723.66, 139.59),
vector3(-1966.59, 698.57, 140.58),
vector3(-2009.02, 688.06, 142.59),
vector3(-2039.48, 648.23, 139.19),
vector3(-2043.27, 583.79, 117.22),
vector3(-2048.37, 531.12, 107.24),
vector3(-2055.62, 485.57, 107.51),
vector3(-2032.09, 457.44, 104.38),
vector3(-1996.46, 365.09, 93.89),
vector3(-1944.48, 279.94, 85.29),
vector3(-1938.85, 215.36, 83.37),
vector3(-1891.27, 152.98, 79.85),
vector3(-1800.02, 67.19, 69.68),
vector3(-1757.92, 30.77, 66.13),
vector3(-1698.12, -24.07, 61.82),
vector3(-1646.87, -44.14, 58.39),
vector3(-1619.59, -61.25, 57.43),
vector3(-1599.13, -100.4, 55.01),
vector3(-1590.21, -180.05, 54.31),
vector3(-1565.78, -204.87, 54.23),
vector3(-1507.1, -159.8, 51.38),
vector3(-1430.11, -99.54, 50.11),
vector3(-1405.47, -61.71, 51.56),
vector3(-1375.32, -38.16, 50.93),
vector3(-1318.18, -35.63, 47.79),
vector3(-1282.51, -45.26, 45.22),
vector3(-1245.96, -90.35, 42.5),
vector3(-1234.82, -114.34, 41.62),
vector3(-1208.28, -138.14, 39.54),
vector3(-1110.95, -148.71, 37.14),
vector3(-986.36, -198.5, 36.68),
vector3(-953.42, -216.51, 36.66),
vector3(-914.44, -235.45, 38.55),
vector3(-904.08, -262.34, 39.91),
vector3(-867.21, -305.02, 38.33),
vector3(-775.23, -306.28, 35.91),
vector3(-750.11, -316.61, 35.42),
vector3(-677.84, -344.95, 33.66),
vector3(-432.04, -422.92, 31.71),
vector3(-383.06, -464.77, 29.59),
vector3(-258.6, -458.92, 29.12),
vector3(-198.22, -423.25, 31.88),
vector3(-189.61, -527.81, 33.59),
vector3(-209.23, -611.5, 39.34),
vector3(-216.65, -650.09, 39.41),
vector3(-150.5, -671.52, 39.41),
vector3(-121.49, -717.9, 41.08),
vector3(-84.04, -752.86, 42.36),
vector3(-6.78, -762.0, 43.09),
vector3(46.62, -791.52, 42.96),
vector3(88.35, -814.13, 30.42),
vector3(82.51, -1012.8, 28.23),
vector3(43.08, -1044.97, 28.53),
vector3(39.68, -1103.22, 28.09),
vector3(33.44, -1111.81, 27.88),
vector3(32.79, -1112.69, 28.22),
vector3(9.36, -1130.94, 27.41),
vector3(8.77, -1131.12, 27.61),
vector3(-16.81, -1155.95, 26.13),
vector3(-50.5, -1156.11, 24.77),
vector3(-82.0, -1153.94, 24.34),
vector3(-87.61, -1192.42, 25.56),
vector3(-87.44, -1222.08, 27.0),
vector3(-111.95, -1257.92, 27.93),
vector3(-119.29, -1280.97, 27.92),
vector3(-111.32, -1319.95, 27.87),
vector3(-81.31, -1342.32, 27.9),
vector3(107.21, -1409.71, 28.28),
vector3(174.02, -1388.57, 28.38),
vector3(219.55, -1337.08, 28.21),
vector3(287.71, -1288.36, 28.68),
vector3(331.56, -1300.11, 30.71),
vector3(360.19, -1322.87, 31.39),
vector3(404.95, -1359.14, 29.39),
vector3(444.83, -1391.99, 28.19),
vector3(442.91, -1423.03, 27.86),
vector3(424.1, -1444.45, 22.76),
vector3(411.44, -1452.68, 27.89),
vector3(376.12, -1461.93, 27.91),
vector3(337.99, -1471.38, 28.02),
vector3(367.18, -1532.61, 27.93),
vector3(396.78, -1553.24, 27.94),
vector3(422.06, -1574.79, 27.93),
vector3(457.23, -1606.31, 27.91),
vector3(494.85, -1608.31, 27.74),
vector3(520.27, -1585.73, 27.99),
vector3(543.65, -1555.53, 27.92),
vector3(549.35, -1513.17, 28.01),
vector3(547.97, -1481.07, 28.11),
vector3(537.63, -1418.35, 28.01),
vector3(541.84, -1387.16, 27.76),
vector3(527.66, -1344.69, 27.86),
vector3(518.95, -1306.23, 28.57),
vector3(489.03, -1217.81, 28.06),
vector3(514.42, -1163.79, 28.02),
vector3(492.17, -1096.91, 27.77),
vector3(510.51, -1045.08, 26.97),
vector3(493.05, -990.94, 26.35),
vector3(493.13, -883.5, 24.16),
vector3(216.02, -937.72, 22.73),
vector3(214.62, -1006.61, 28.0),
vector3(159.63, -997.01, 27.93),
vector3(161.85, -968.15, 28.72),
vector3(203.35, -973.47, 28.67),
vector3(138.95, -1139.57, 27.82),
vector3(102.87, -1149.8, 27.94),
vector3(-69.34, -1177.11, 36.24),
vector3(-251.82, -1188.74, 36.14),
vector3(-370.46, -1134.43, 36.15),
vector3(-380.93, -949.89, 31.33),
vector3(-401.59, -831.28, 37.58),
vector3(-418.82, -782.75, 36.01),
vector3(-435.85, -624.55, 35.31),
vector3(-550.28, -527.81, 24.2),
vector3(-713.14, -487.94, 23.9),
vector3(-880.6, -503.85, 20.83),
vector3(-1019.2, -585.91, 17.1),
