vector3(-38.35, 89.94, 74.69),
vector3(-12.0, 165.41, 94.26),
vector3(24.47, 207.01, 105.57),
vector3(39.09, 195.03, 104.56),
vector3(39.44, 194.76, 104.61),
vector3(73.27, 182.0, 103.37),
vector3(94.93, 164.02, 103.21),
vector3(128.03, 161.45, 103.25),
vector3(162.67, 146.59, 102.35),
vector3(164.08, 229.01, 105.07),
vector3(136.48, 240.0, 105.84),
vector3(106.86, 251.27, 106.77),
vector3(93.72, 255.86, 107.18),
vector3(81.63, 260.32, 107.61),
vector3(55.83, 267.68, 108.21),
vector3(18.79, 274.58, 108.12),
vector3(-71.81, 243.98, 100.74),
vector3(-149.31, 239.9, 93.18),
vector3(-190.51, 261.29, 91.05),
vector3(-241.04, 277.45, 90.81),
vector3(-305.2, 309.78, 91.94),
vector3(-274.25, 315.78, 91.87),
vector3(-253.46, 285.59, 90.42),
vector3(-303.99, 240.86, 86.65),
vector3(-373.08, 224.55, 83.23),
vector3(-396.42, 224.89, 82.27),
vector3(-436.02, 227.37, 81.71),
vector3(-474.43, 223.16, 81.72),
vector3(-502.36, 235.02, 81.58),
vector3(-528.41, 404.24, 89.5),
vector3(-562.54, 506.53, 103.51),
vector3(-509.6, 564.48, 116.84),
vector3(-293.08, 614.21, 176.8),
vector3(-123.0, 600.06, 205.11),
vector3(-16.6, 613.01, 205.95),
vector3(217.31, 794.72, 202.29),
vector3(317.89, 860.16, 192.57),
vector3(392.29, 892.48, 197.76),
vector3(458.7, 863.47, 196.76),
vector3(556.15, 828.27, 200.12),
vector3(609.81, 771.08, 201.96),
vector3(684.51, 775.01, 204.54),
vector3(742.1, 810.3, 206.62),
vector3(794.31, 880.35, 220.18),
vector3(802.49, 945.26, 234.21),
vector3(854.74, 977.12, 239.81),
vector3(904.56, 993.61, 234.48),
vector3(947.98, 962.82, 223.91),
vector3(1003.32, 917.52, 210.65),
vector3(981.93, 859.12, 204.39),
vector3(936.34, 777.24, 187.1),
vector3(932.32, 718.45, 180.11),
vector3(955.09, 645.78, 166.74),
vector3(1014.84, 663.88, 159.35),
vector3(1035.78, 716.96, 156.95),
vector3(1087.76, 759.28, 152.0),
vector3(1102.53, 814.94, 151.41),
vector3(1125.74, 869.19, 150.77),
vector3(1160.47, 923.32, 149.47),
vector3(1221.31, 943.89, 142.21),
vector3(1228.39, 1040.36, 146.17),
vector3(1150.89, 1076.15, 167.47),
vector3(1144.34, 1135.57, 170.97),
vector3(1177.37, 1175.08, 163.64),
vector3(1195.63, 1222.91, 154.48),
vector3(1239.79, 1248.13, 143.3),
vector3(1300.01, 1187.77, 105.56),
vector3(1398.05, 1188.69, 112.23),
vector3(1431.65, 1163.2, 112.76),
vector3(1386.37, 1120.14, 113.34),
vector3(1327.44, 1122.05, 106.81),
vector3(1308.17, 1078.54, 104.22),
vector3(1316.9, 1004.52, 104.54),
vector3(1292.45, 955.83, 104.84),
vector3(1302.78, 904.01, 104.54),
vector3(1291.18, 787.51, 99.74),
vector3(1266.54, 743.38, 100.49),
vector3(1236.78, 681.75, 98.79),
vector3(1212.93, 620.18, 93.42),
vector3(1181.49, 585.37, 89.81),
vector3(1166.27, 517.31, 85.37),
vector3(1157.69, 485.7, 86.96),
vector3(1109.64, 401.65, 89.82),
vector3(1123.96, 357.33, 89.88),
vector3(1122.21, 325.91, 89.34),
vector3(1096.02, 296.52, 87.52),
vector3(1033.82, 260.17, 83.46),
vector3(1020.45, 228.59, 80.86),
vector3(1016.78, 187.96, 79.51),
vector3(1002.02, 150.75, 79.72),
vector3(979.43, 125.02, 79.71),
vector3(970.2, 95.98, 79.71),
vector3(942.78, 74.92, 79.43),
vector3(907.42, 33.05, 79.03),
vector3(893.03, -7.33, 77.43),
vector3(863.31, -35.42, 77.42),
vector3(888.66, -52.4, 77.34),
vector3(911.42, -68.26, 77.34),
vector3(933.45, -83.69, 77.51),
vector3(921.41, -109.63, 77.5),
vector3(885.23, -108.13, 77.85),
vector3(847.27, -120.31, 77.84),
vector3(813.44, -176.3, 71.45),
vector3(900.47, -233.34, 68.01),
vector3(944.01, -264.17, 65.79),
vector3(990.1, -291.46, 65.79),
vector3(1032.8, -318.11, 65.71),
vector3(1075.27, -344.98, 65.63),
vector3(1090.72, -367.64, 65.58),
vector3(1059.06, -421.73, 62.76),
vector3(1045.91, -406.63, 65.26),
vector3(1027.11, -389.85, 64.72),
vector3(971.18, -422.79, 60.93),
vector3(903.47, -453.02, 57.97),
vector3(808.29, -506.44, 36.02),
vector3(757.06, -616.63, 27.33),
vector3(791.54, -747.58, 25.76),
vector3(790.53, -817.27, 24.92),
vector3(793.0, -890.68, 23.72),
vector3(763.99, -952.21, 24.52),
vector3(750.75, -964.94, 23.58),
vector3(858.34, -1012.69, 26.31),
vector3(930.43, -1010.31, 36.13),
vector3(977.16, -1005.06, 40.37),
vector3(980.92, -1038.18, 39.84),
vector3(939.63, -1078.72, 34.37),
vector3(871.28, -1078.58, 27.58),
vector3(810.15, -1086.65, 27.28),
vector3(805.22, -1125.73, 27.49),
vector3(811.02, -1182.72, 26.64),
vector3(789.15, -1226.37, 24.83),
vector3(772.16, -1242.88, 25.64),
vector3(739.49, -1242.13, 28.61),
vector3(692.95, -1242.91, 35.58),
vector3(644.92, -1247.64, 40.55),
vector3(606.83, -1212.94, 39.43),
vector3(618.82, -1176.77, 39.66),
vector3(668.43, -1151.11, 39.4),
vector3(717.89, -1151.47, 32.08),
vector3(768.34, -1155.54, 27.56),
vector3(801.44, -1177.98, 27.17),
vector3(801.26, -1221.57, 24.96),
vector3(772.71, -1250.84, 25.39),
vector3(785.6, -1265.15, 25.04),
vector3(810.48, -1298.62, 24.72),
vector3(813.37, -1359.59, 25.06),
vector3(812.67, -1407.31, 25.83),
vector3(792.68, -1440.75, 25.79),
vector3(751.42, -1444.55, 27.66),
vector3(719.6, -1452.18, 30.17),
vector3(671.09, -1452.01, 29.5),
vector3(630.4, -1450.05, 29.02),
vector3(591.76, -1428.36, 28.53),
vector3(554.69, -1422.85, 28.17),
vector3(513.11, -1414.1, 27.96),
vector3(453.65, -1403.89, 27.84),
vector3(402.95, -1405.62, 28.13),
vector3(371.83, -1374.89, 29.89),
vector3(401.28, -1271.5, 31.4),
vector3(491.11, -1249.44, 27.84),
vector3(523.18, -1243.35, 29.77),
vector3(574.4, -1175.05, 8.59),
vector3(563.4, -1140.66, 8.78),
vector3(568.75, -1099.9, 8.86),
vector3(560.24, -1051.0, 8.93),
vector3(571.11, -1014.88, 9.11),
vector3(553.73, -958.24, 10.64),
vector3(567.1, -886.58, 9.45),
vector3(548.6, -835.64, 14.25),
vector3(553.59, -754.84, 12.08),
vector3(574.67, -684.57, 11.65),
vector3(572.08, -595.81, 17.35),
vector3(600.59, -534.68, 17.98),
vector3(647.33, -510.38, 13.95),
vector3(696.38, -516.65, 14.34),
vector3(731.51, -497.36, 20.03),
vector3(784.4, -467.85, 26.6),
vector3(820.9, -445.84, 29.88),
vector3(860.06, -417.7, 27.83),
vector3(883.67, -385.12, 34.79),
vector3(1005.46, -377.95, 46.24),
vector3(1032.94, -349.9, 52.21),
vector3(1063.73, -298.12, 51.97),
vector3(1080.22, -257.86, 56.8),
vector3(1112.44, -216.22, 54.21),
vector3(1171.85, -153.94, 55.46),
vector3(1183.13, -108.5, 55.48),
vector3(1193.04, -67.46, 61.19),
vector3(1212.25, -38.76, 69.39),
vector3(1214.82, 7.18, 76.35),
vector3(1221.54, 63.45, 78.03),
vector3(1245.54, 100.08, 78.33),
vector3(1257.84, 142.09, 79.16),
vector3(1258.28, 194.82, 80.83),
vector3(1262.83, 238.24, 80.64),
vector3(1230.55, 287.09, 80.49),
vector3(1183.37, 283.35, 80.49),
vector3(1147.54, 242.17, 80.49),
vector3(1118.95, 195.56, 80.41),
vector3(1093.16, 148.8, 80.47),
vector3(1063.26, 102.46, 80.45),
vector3(1033.37, 58.19, 80.41),
vector3(1008.3, 15.81, 80.41),
vector3(977.32, -5.77, 80.39),
vector3(944.0, -19.38, 77.4),
vector3(900.21, -7.62, 77.43),
vector3(870.66, 18.7, 77.69),
vector3(828.51, 81.61, 67.11),
vector3(857.44, 117.97, 69.43),
vector3(869.98, 154.27, 72.13),
vector3(899.22, 194.78, 74.97),
vector3(922.1, 235.77, 77.65),
vector3(916.49, 272.06, 82.66),
vector3(875.09, 281.49, 87.25),
vector3(836.81, 262.86, 85.63),
vector3(803.19, 251.89, 85.84),
vector3(755.63, 254.97, 90.47),
vector3(720.11, 271.23, 95.04),
vector3(685.81, 283.44, 98.23),
vector3(667.86, 307.67, 106.22),
vector3(665.27, 342.91, 109.37),
vector3(628.54, 362.72, 113.54),
vector3(589.11, 351.69, 119.61),
vector3(549.93, 328.74, 126.03),
vector3(517.57, 336.77, 131.16),
vector3(469.92, 382.44, 136.69),
vector3(448.52, 423.29, 138.97),
vector3(405.66, 441.04, 141.46),
vector3(339.71, 475.24, 148.43),
vector3(338.75, 523.07, 152.64),
vector3(345.87, 564.34, 159.07),
vector3(374.98, 584.2, 168.73),
vector3(410.61, 596.99, 181.91),
vector3(435.14, 618.88, 188.76),
vector3(447.92, 644.39, 189.42),
vector3(473.67, 663.35, 193.9),
vector3(512.02, 716.48, 190.55),
vector3(521.38, 757.11, 196.01),
vector3(542.54, 792.88, 198.28),
vector3(547.06, 817.02, 198.85),
vector3(522.29, 847.52, 197.26),
vector3(476.63, 871.86, 196.82),
vector3(442.39, 887.71, 196.72),
vector3(406.03, 899.31, 198.23),
vector3(393.31, 934.95, 201.31),
vector3(390.26, 972.14, 204.84),
vector3(368.06, 997.38, 208.58),
vector3(324.19, 1014.58, 209.23),
vector3(306.8, 1043.17, 210.0),
vector3(316.33, 1076.9, 212.67),
vector3(313.18, 1111.97, 216.99),
vector3(321.57, 1141.47, 233.82),
vector3(453.43, 1231.31, 272.03),
vector3(492.14, 1210.2, 283.67),
vector3(529.24, 1202.22, 293.4),
vector3(564.23, 1188.24, 300.48),
vector3(594.95, 1200.73, 308.0),
vector3(635.37, 1204.12, 315.51),
vector3(676.82, 1210.42, 317.11),
vector3(753.83, 1197.55, 322.61),
vector3(818.95, 1134.3, 313.61),
vector3(814.04, 1083.48, 300.5),
vector3(851.76, 1061.93, 285.45),
vector3(920.63, 1055.29, 272.65),
vector3(957.06, 1057.61, 269.99),
vector3(998.96, 1060.78, 264.82),
vector3(1005.21, 1145.26, 252.89),
vector3(919.89, 1242.77, 315.93),
vector3(903.07, 1252.76, 332.05),
vector3(882.54, 1266.02, 349.49),
vector3(861.2, 1289.06, 358.04),
vector3(774.96, 1324.25, 357.92),
vector3(741.46, 1320.11, 357.7),
vector3(699.76, 1309.29, 355.56),
vector3(667.74, 1316.29, 352.0),
vector3(635.33, 1324.53, 350.65),
vector3(607.92, 1338.17, 339.44),
vector3(508.22, 1318.19, 283.63),
vector3(465.87, 1313.37, 275.44),
vector3(437.09, 1293.72, 269.46),
vector3(415.11, 1256.12, 258.08),
vector3(411.77, 1218.0, 251.35),
vector3(418.26, 1178.92, 243.91),
vector3(414.41, 1141.67, 237.36),
vector3(430.65, 1110.8, 231.83),
vector3(464.26, 1102.21, 229.82),
vector3(498.57, 1085.24, 229.55),
vector3(531.38, 1067.93, 224.23),
vector3(538.2, 1035.78, 218.1),
vector3(517.53, 1002.06, 210.01),
vector3(503.8, 973.73, 206.44),
vector3(473.89, 948.31, 200.18),
vector3(475.59, 909.37, 196.81),
vector3(454.44, 885.85, 196.55),
vector3(422.68, 884.84, 197.13),
vector3(400.1, 911.95, 199.15),
vector3(372.02, 941.45, 203.79),
vector3(341.0, 935.41, 202.58),
vector3(316.8, 914.7, 202.88),
vector3(286.91, 862.24, 193.89),
vector3(273.48, 827.46, 191.01),
vector3(246.18, 811.44, 195.51),
vector3(220.0, 790.58, 201.88),
vector3(181.15, 785.21, 206.77),
vector3(124.55, 769.82, 209.47),
vector3(125.97, 714.12, 207.83),
vector3(129.83, 679.81, 207.19),
vector3(144.34, 643.87, 205.31),
vector3(148.85, 615.68, 194.9),
vector3(140.36, 577.94, 183.42),
vector3(17.77, 586.38, 184.67),
vector3(-15.11, 576.52, 190.66),
vector3(-78.75, 566.32, 188.71),
vector3(-118.86, 564.47, 185.19),
vector3(-177.23, 552.31, 179.67),
vector3(-237.67, 554.35, 178.22),
vector3(-357.55, 515.95, 115.39),
vector3(-385.47, 521.53, 119.95),
vector3(-645.67, 243.37, 80.18),
vector3(-654.84, 161.36, 58.23),
vector3(-661.34, 100.39, 55.03),
vector3(-657.57, 54.29, 41.72),
vector3(-662.21, 21.12, 37.32),
vector3(-637.61, -5.51, 39.54),
vector3(-584.09, -17.45, 43.38),
vector3(-534.64, -15.31, 42.77),
vector3(-500.89, -13.29, 43.53),
vector3(-447.81, 4.42, 44.75),
vector3(-407.48, -1.23, 45.5),
vector3(-361.34, -17.73, 45.81),
vector3(-325.61, -41.29, 46.75),
vector3(-287.1, -56.68, 47.93),
vector3(-227.62, -78.08, 48.5),
vector3(-189.58, -90.08, 50.75),
vector3(-151.88, -102.48, 53.43),
vector3(-95.42, -124.61, 56.26),
vector3(31.77, -128.52, 54.39),
vector3(69.28, -142.5, 53.51),
vector3(109.08, -158.57, 53.44),
vector3(142.91, -170.53, 53.1),
vector3(185.01, -185.78, 52.7),
vector3(256.93, -211.61, 52.56),
vector3(300.89, -231.05, 52.51),
vector3(335.96, -243.4, 52.42),
vector3(389.07, -261.69, 52.07),
vector3(433.34, -279.46, 48.9),
vector3(470.1, -294.34, 46.06),
vector3(494.82, -351.1, 43.2),
vector3(480.65, -381.35, 41.26),
vector3(450.4, -400.29, 43.06),
vector3(415.75, -415.09, 43.99),
vector3(377.19, -421.49, 44.16),
vector3(333.07, -445.25, 42.53),
vector3(302.72, -453.99, 42.08),
vector3(274.66, -471.17, 41.71),
vector3(217.66, -477.61, 38.57),
vector3(171.48, -475.34, 34.86),
vector3(117.97, -471.41, 32.68),
vector3(65.54, -476.68, 32.64),
vector3(32.8, -492.33, 32.69),
vector3(-0.96, -518.95, 32.38),
vector3(-43.96, -532.32, 31.27),
vector3(-40.54, -569.86, 27.33),
vector3(-5.41, -614.56, 15.26),
vector3(23.08, -651.17, 14.71),
vector3(38.78, -684.58, 15.78),
vector3(-4.14, -741.69, 15.19),
vector3(-21.18, -775.54, 15.44),
vector3(-9.16, -820.32, 16.9),
vector3(71.05, -771.89, 16.48),
vector3(62.06, -717.22, 16.3),
vector3(67.97, -679.94, 16.46),
vector3(102.7, -621.13, 16.39),
vector3(162.48, -599.21, 16.4),
vector3(209.42, -591.33, 16.41),
vector3(279.91, -582.2, 16.41),
vector3(325.22, -589.33, 16.53),
vector3(378.82, -583.64, 16.36),
vector3(442.18, -578.63, 14.0),
vector3(483.24, -566.43, 14.03),
vector3(523.97, -574.74, 14.0),
vector3(549.8, -605.33, 14.02),
vector3(549.0, -648.81, 13.97),
vector3(529.55, -705.05, 13.95),
vector3(533.61, -771.71, 13.92),
vector3(531.44, -827.83, 14.01),
vector3(531.35, -875.57, 13.99),
vector3(515.78, -921.09, 16.05),
vector3(524.13, -967.32, 19.77),
vector3(518.79, -1033.34, 24.75),
vector3(526.78, -1102.18, 27.69),
vector3(516.36, -1164.06, 27.94),
vector3(517.84, -1225.32, 26.38),
vector3(524.05, -1328.69, 27.91),
vector3(529.0, -1378.78, 27.94),
vector3(547.61, -1433.98, 27.98),
vector3(553.64, -1521.41, 27.92),
vector3(541.05, -1576.59, 27.89),
vector3(500.05, -1625.4, 27.99),
