vector3(80.14, -1211.63, 28.28),
vector3(81.2, -1184.27, 28.32),
vector3(45.04, -1180.46, 28.3),
vector3(16.78, -1178.42, 28.31),
vector3(32.39, -1225.33, 28.26),
vector3(-29.51, -1231.94, 28.32),
vector3(-63.44, -1225.64, 27.73),
vector3(-87.71, -1238.96, 27.97),
vector3(-121.41, -1232.47, 27.8),
vector3(-184.41, -1154.51, 21.98),
vector3(-219.31, -1123.57, 21.94),
vector3(-171.34, -1032.5, 26.23),
vector3(-39.49, -1020.19, 27.84),
vector3(-57.01, -1070.02, 26.36),
vector3(-14.86, -1099.11, 25.63),
vector3(-31.55, -1154.62, 25.67),
vector3(-8.27, -1114.88, 27.25),
vector3(122.28, -1114.57, 28.12),
vector3(184.89, -1141.1, 28.24),
vector3(233.57, -1120.99, 28.24),
vector3(258.54, -1154.25, 28.23),
vector3(329.66, -1159.51, 28.24),
vector3(384.0, -1109.68, 28.33),
vector3(446.95, -1068.4, 28.08),
vector3(364.99, -1070.13, 28.39),
vector3(273.7, -1066.46, 28.33),
vector3(194.29, -1048.81, 28.2),
vector3(136.24, -990.4, 28.24),
vector3(133.7, -871.3, 29.48),
vector3(114.25, -817.14, 30.24),
vector3(49.12, -863.66, 29.47),
vector3(-59.94, -958.05, 28.28),
vector3(-115.43, -956.82, 26.16),
vector3(-149.22, -937.01, 28.27),
vector3(-190.23, -955.82, 24.82),
vector3(-270.96, -1044.8, 26.29),
vector3(-302.58, -1103.98, 21.93),
vector3(-335.79, -1071.38, 21.89),
vector3(-295.22, -1201.19, 23.18),
vector3(-245.05, -1259.35, 28.76),
vector3(-195.62, -1305.06, 30.35),
vector3(-208.89, -1392.67, 29.96),
vector3(-240.44, -1378.0, 30.02),
vector3(-262.66, -1356.06, 30.3),
vector3(-312.9, -1325.41, 30.3),
vector3(-344.75, -1274.28, 30.26),
vector3(-325.33, -1181.21, 23.23),
vector3(-310.0, -1181.41, 36.28),
vector3(-384.77, -1011.57, 36.05),
vector3(-408.79, -918.86, 36.04),
vector3(-378.87, -775.1, 35.81),
vector3(-354.46, -831.05, 30.45),
vector3(-288.13, -766.26, 32.87),
vector3(-235.23, -735.86, 32.31),
vector3(-164.71, -716.77, 33.49),
vector3(-133.73, -794.55, 31.17),
vector3(-185.72, -830.55, 29.57),
vector3(-150.94, -879.52, 28.31),
vector3(-81.25, -912.27, 28.28),
vector3(-16.5, -866.3, 32.94),
vector3(1.69, -775.09, 43.14),
vector3(-74.21, -786.88, 43.13),
vector3(-78.77, -794.85, 36.28),
vector3(6.01, -711.66, 44.99),
vector3(87.37, -619.62, 43.24),
vector3(171.99, -629.73, 46.03),
vector3(213.42, -713.07, 46.04),
vector3(187.57, -778.74, 46.0),
vector3(219.53, -873.66, 29.48),
vector3(206.71, -913.98, 29.59),
vector3(168.48, -941.1, 28.98),
vector3(146.79, -1067.55, 28.09),
vector3(110.87, -1085.2, 28.17),
vector3(19.92, -1045.28, 35.29),
vector3(3.25, -1104.78, 37.04),
vector3(45.41, -995.67, 28.24),
vector3(-14.19, -974.47, 28.33),
vector3(-2.34, -939.12, 28.22),
vector3(41.2, -937.86, 28.35),
vector3(-201.95, -813.73, 29.45),
vector3(-265.7, -629.24, 32.37),
vector3(-312.88, -606.91, 32.46),
vector3(-335.49, -688.71, 31.83),
vector3(-399.0, -671.38, 28.9),
vector3(-412.29, -645.93, 29.11),
vector3(-432.9, -604.49, 27.99),
vector3(-429.7, -650.12, 36.29),
vector3(-408.43, -736.36, 36.13),
vector3(-451.56, -731.13, 31.9),
vector3(-493.46, -629.7, 30.23),
vector3(-564.01, -630.71, 30.07),
vector3(-666.02, -587.97, 24.35),
vector3(-682.36, -629.32, 24.28),
vector3(-601.81, -694.9, 30.19),
vector3(-603.18, -756.18, 27.08),
vector3(-595.8, -818.74, 24.81),
vector3(-584.75, -868.53, 24.55),
vector3(-479.86, -852.16, 29.35),
vector3(-404.07, -826.19, 30.42),
vector3(-334.05, -884.71, 30.02),
vector3(-265.96, -930.81, 30.19),
vector3(-185.94, -980.26, 28.23),
vector3(-247.59, -1119.75, 28.07),
vector3(-460.39, -1090.37, 27.08),
vector3(-519.32, -1151.46, 18.64),
vector3(-527.06, -1211.56, 17.12),
vector3(-570.51, -1246.49, 13.01),
vector3(-593.5, -1224.26, 13.77),
vector3(-556.35, -1135.75, 19.35),
vector3(-578.94, -1077.54, 21.32),
vector3(-609.25, -1058.97, 20.72),
vector3(-608.26, -991.98, 20.75),
vector3(-599.48, -1128.78, 21.2),
vector3(-618.26, -1165.92, 21.07),
vector3(-638.17, -1182.31, 12.99),
vector3(-614.93, -1218.11, 12.26),
vector3(-609.9, -1216.99, 13.21),
vector3(-663.41, -1215.08, 9.59),
vector3(-722.89, -1209.45, 9.56),
vector3(-769.27, -1151.79, 9.51),
vector3(-735.02, -1112.53, 10.14),
vector3(-656.79, -1062.43, 15.36),
vector3(-677.54, -1027.99, 16.54),
vector3(-655.78, -966.62, 20.26),
vector3(-761.14, -979.62, 14.42),
vector3(-489.99, -924.85, 22.88),
vector3(-454.95, -929.11, 22.55),
vector3(-453.19, -996.56, 22.89),
vector3(-412.13, -1031.17, 23.57),
vector3(-423.4, -1126.18, 19.74),
vector3(-389.2, -1224.89, 19.73),
vector3(-364.91, -1334.42, 25.74),
vector3(-373.26, -1396.44, 28.79),
vector3(-61.74, -884.1, 39.47),
vector3(-6.17, -791.7, 43.4),
vector3(22.94, -705.45, 44.9),
vector3(83.11, -711.85, 43.02),
vector3(105.45, -767.05, 44.64),
vector3(132.46, -715.09, 46.02),
vector3(195.97, -677.71, 42.04),
vector3(211.37, -761.51, 31.88),
vector3(181.92, -743.31, 32.2),
vector3(254.36, -647.02, 38.74),
vector3(228.36, -603.71, 41.62),
vector3(295.07, -608.62, 42.21),
vector3(296.17, -565.61, 42.2),
vector3(311.25, -591.48, 42.18),
vector3(325.45, -552.99, 42.54),
vector3(370.48, -599.48, 27.73),
vector3(336.21, -616.13, 28.24),
vector3(323.78, -685.19, 28.19),
vector3(162.5, -579.32, 29.52),
vector3(98.67, -641.89, 30.59),
vector3(123.82, -734.19, 32.04),
vector3(239.71, -750.88, 33.5),
vector3(226.62, -785.4, 29.66),
vector3(269.11, -834.05, 28.22),
vector3(217.98, -933.9, 23.07),
vector3(275.89, -961.18, 28.27),
vector3(369.61, -945.2, 28.33),
vector3(389.75, -1004.92, 28.29),
vector3(449.27, -1020.57, 27.43),
vector3(410.8, -988.19, 28.4),
vector3(470.66, -964.19, 26.78),
vector3(451.1, -913.98, 27.43),
vector3(492.54, -891.76, 24.58),
vector3(460.11, -845.31, 26.41),
vector3(517.05, -796.4, 23.77),
vector3(495.2, -738.88, 23.87),
vector3(539.19, -647.86, 23.71),
vector3(504.29, -580.92, 23.74),
vector3(522.12, -507.19, 23.76),
vector3(510.02, -556.56, 34.74),
vector3(428.82, -514.83, 34.73),
vector3(380.07, -484.95, 33.54),
vector3(354.89, -472.43, 32.98),
vector3(359.65, -470.69, 41.61),
vector3(294.0, -479.05, 42.29),
vector3(290.51, -428.53, 43.09),
vector3(368.27, -424.98, 44.2),
vector3(407.48, -376.17, 45.8),
vector3(381.07, -346.42, 45.66),
vector3(362.34, -319.57, 45.63),
vector3(371.52, -290.95, 52.69),
vector3(315.93, -272.29, 52.8),
vector3(288.22, -291.5, 52.85),
vector3(279.6, -314.27, 48.81),
vector3(273.29, -331.87, 43.88),
vector3(271.1, -386.21, 43.79),
vector3(211.74, -367.69, 43.13),
vector3(173.59, -421.34, 39.97),
vector3(194.1, -473.22, 37.12),
vector3(148.5, -498.26, 42.14),
vector3(104.16, -515.68, 42.1),
vector3(56.08, -653.83, 43.12),
vector3(212.98, -318.73, 43.13),
vector3(172.93, -317.83, 43.14),
vector3(127.21, -358.21, 41.48),
vector3(70.12, -326.22, 43.2),
vector3(69.08, -309.52, 45.83),
vector3(94.0, -282.91, 45.96),
vector3(41.17, -305.05, 46.32),
vector3(50.39, -270.27, 46.47),
vector3(21.35, -259.2, 46.56),
vector3(10.25, -284.77, 46.67),
vector3(-17.98, -351.37, 40.16),
vector3(-7.25, -433.74, 38.83),
vector3(-35.77, -461.53, 39.53),
vector3(-79.29, -533.92, 39.12),
vector3(-60.87, -595.57, 35.17),
vector3(-113.25, -606.62, 35.15),
vector3(-95.31, -700.0, 33.67),
vector3(-144.34, -723.77, 33.62),
vector3(38.0, -229.58, 49.15),
vector3(118.37, -248.51, 50.39),
vector3(128.56, -257.07, 45.86),
vector3(204.36, -258.14, 50.82),
vector3(229.12, -264.66, 51.21),
vector3(227.12, -327.61, 43.1),
vector3(176.3, -316.87, 42.99),
vector3(51.08, -175.86, 53.86),
vector3(90.02, -213.96, 53.4),
vector3(103.75, -138.24, 53.61),
vector3(140.5, -171.27, 53.4),
vector3(194.31, -189.25, 52.93),
vector3(271.14, -216.13, 52.88),
vector3(320.87, -218.45, 52.96),
vector3(339.19, -210.03, 52.99),
vector3(323.05, -276.79, 52.78),
vector3(351.41, -234.46, 53.09),
vector3(202.31, -229.98, 52.92),
vector3(121.66, -202.23, 53.47),
vector3(-62.76, -135.23, 56.77),
vector3(-83.81, -218.52, 43.54),
vector3(-121.97, -206.93, 43.78),
vector3(-130.26, -240.47, 43.6),
vector3(-110.9, -299.6, 39.55),
vector3(-137.52, -369.28, 32.95),
vector3(-202.13, -377.9, 30.83),
vector3(-268.56, -366.64, 29.2),
vector3(-245.19, -314.51, 29.02),
vector3(-27.67, -86.59, 56.12),
vector3(-3.94, -99.04, 56.43),
vector3(48.24, -102.13, 55.13),
vector3(96.38, -134.05, 54.38),
vector3(122.0, -80.14, 63.44),
vector3(94.56, -28.01, 66.98),
vector3(47.88, -17.26, 68.51),
vector3(32.52, -53.46, 64.15),
vector3(-0.5, -69.88, 60.13),
vector3(-29.48, 16.43, 70.79),
vector3(-27.24, 53.82, 71.23),
vector3(-101.09, 91.09, 70.62),
vector3(-147.1, 75.73, 69.69),
vector3(-187.3, 127.6, 68.71),
vector3(-255.42, 136.93, 68.19),
vector3(-283.97, 112.26, 67.34),
vector3(-355.4, 113.49, 65.48),
vector3(-406.29, 114.16, 64.25),
vector3(-448.27, 106.07, 62.58),
vector3(-531.28, 113.34, 61.92),
vector3(-529.1, 142.73, 61.92),
vector3(-466.15, 144.73, 63.36),
vector3(-423.0, 149.07, 63.94),
vector3(-318.04, 140.77, 66.39),
vector3(-241.77, 137.45, 68.62),
vector3(-242.02, 181.27, 76.55),
vector3(-277.48, 179.35, 78.61),
vector3(-234.81, 244.45, 90.91),
vector3(-209.21, 244.25, 90.91),
vector3(-181.73, 206.91, 86.71),
vector3(-215.3, 136.37, 68.5),
vector3(-531.3, 141.44, 61.94),
vector3(-531.94, 184.21, 70.27),
vector3(-501.31, 184.38, 69.77),
vector3(-551.16, 194.3, 72.94),
vector3(-549.68, 228.98, 80.8),
vector3(-532.06, 236.9, 81.85),
vector3(-664.79, 139.23, 55.99),
vector3(-734.37, 90.9, 54.38),
vector3(-327.87, 231.71, 85.53),
vector3(-297.23, 231.82, 87.17),
vector3(-268.06, 288.65, 89.71),
vector3(-248.59, 301.49, 90.91),
vector3(-234.43, 240.26, 90.55),
vector3(-238.78, 144.09, 68.77),
vector3(-215.54, 139.53, 68.57),
vector3(-155.81, 277.0, 92.67),
vector3(-115.46, 235.13, 96.38),
vector3(-151.05, 205.94, 90.98),
vector3(-105.12, 142.72, 79.36),
vector3(-65.27, 147.35, 80.41),
vector3(-88.52, 272.56, 98.7),
vector3(-76.78, 283.93, 104.37),
vector3(-58.86, 332.93, 110.14),
vector3(-148.35, 366.49, 111.88),
vector3(-109.89, 409.21, 112.82),
vector3(19.75, 373.57, 111.3),
vector3(-107.44, 431.73, 112.27),
vector3(9.04, 276.67, 108.23),
vector3(93.96, 265.57, 108.31),
vector3(59.04, 225.16, 108.19),
vector3(5.44, 244.88, 108.34),
vector3(-95.96, 244.38, 98.85),
vector3(117.81, 246.29, 106.66),
vector3(144.14, 164.99, 103.6),
vector3(191.72, 217.77, 104.44),
vector3(233.08, 209.97, 104.31),
vector3(321.59, 173.4, 102.6),
vector3(362.77, 179.69, 101.95),
vector3(389.86, 149.82, 101.9),
vector3(452.79, 128.71, 98.32),
vector3(505.77, 108.86, 95.41),
vector3(485.47, 70.46, 95.1),
vector3(364.58, 111.68, 101.87),
vector3(183.27, 179.45, 104.42),
vector3(206.27, 167.18, 104.48),
vector3(180.67, 66.28, 82.43),
vector3(137.56, 71.33, 79.17),
vector3(84.21, 107.11, 78.13),
vector3(116.92, -8.26, 66.66),
vector3(143.35, -18.79, 66.44),
vector3(120.58, -80.36, 63.29),
vector3(294.48, 183.14, 103.2),
vector3(263.12, 130.43, 101.74),
vector3(238.16, 59.3, 85.17),
vector3(388.77, 172.16, 102.1),
vector3(378.26, 217.57, 101.98),
vector3(429.35, 284.89, 101.89),
vector3(325.73, 313.04, 104.03),
vector3(315.88, 344.56, 104.09),
vector3(245.78, 355.46, 104.43),
vector3(197.77, 336.9, 104.51),
vector3(124.36, 390.7, 114.07),
vector3(90.97, 324.89, 111.05),
vector3(26.84, 282.16, 108.46),
vector3(25.31, 197.34, 104.17),
vector3(-21.49, 175.74, 94.7),
vector3(36.69, 121.8, 81.63),
vector3(-24.67, 62.51, 71.59),
vector3(-57.25, 55.73, 71.04),
vector3(532.74, 97.69, 95.2),
vector3(519.34, 28.28, 91.86),
vector3(590.39, 91.66, 93.55),
vector3(630.87, 124.58, 91.63),
vector3(679.18, 40.26, 83.32),
vector3(649.42, 2.7, 82.22),
vector3(566.69, -61.94, 70.51),
vector3(549.21, -124.04, 61.42),
vector3(543.55, -143.79, 57.57),
vector3(539.25, -186.64, 53.36),
vector3(538.01, -236.45, 48.72),
vector3(541.36, -314.85, 42.56),
vector3(683.53, 67.26, 82.34),
vector3(660.08, 163.86, 91.3),
vector3(634.6, 199.68, 95.92),
vector3(625.92, 270.99, 102.09),
vector3(600.42, 335.18, 118.71),
vector3(546.57, 239.32, 102.04),
vector3(488.9, 281.51, 101.95),
vector3(429.37, 281.32, 102.06),
vector3(391.52, 318.88, 102.03),
vector3(340.53, 308.56, 103.3),
vector3(302.46, 263.11, 104.34),
