vector3(1052.73, -197.53, 69.06),
vector3(1115.05, -227.0, 68.06),
vector3(1108.62, -257.61, 68.01),
vector3(1069.82, -240.13, 68.61),
vector3(996.58, -201.15, 69.94),
vector3(951.3, -175.26, 73.04),
vector3(930.05, -198.0, 72.36),
vector3(910.25, -231.14, 68.34),
vector3(937.46, -259.06, 66.5),
vector3(979.48, -281.44, 65.8),
vector3(1042.35, -233.18, 68.93),
vector3(1090.58, -248.78, 68.22),
vector3(1128.82, -259.89, 67.98),
vector3(1146.0, -284.15, 67.87),
vector3(1171.35, -279.4, 67.89),
vector3(1187.39, -302.71, 67.96),
vector3(1195.47, -337.5, 68.02),
vector3(1171.25, -343.57, 67.65),
vector3(1171.19, -343.57, 67.7),
vector3(1157.57, -330.81, 67.81),
vector3(1144.88, -323.08, 66.11),
vector3(1230.36, -342.39, 67.91),
vector3(1250.88, -343.03, 67.98),
vector3(1264.54, -357.44, 68.01),
vector3(1260.97, -379.16, 67.95),
vector3(1271.05, -393.88, 67.99),
vector3(1288.86, -420.05, 67.97),
vector3(1294.39, -459.13, 67.97),
vector3(1274.22, -479.75, 67.99),
vector3(1275.67, -457.9, 67.94),
vector3(1262.95, -417.88, 68.01),
vector3(1243.44, -393.87, 67.94),
vector3(1221.19, -388.76, 67.49),
vector3(1216.19, -419.03, 66.56),
vector3(1206.84, -447.26, 65.74),
vector3(1185.8, -466.11, 65.14),
vector3(1169.79, -462.12, 65.05),
vector3(1176.67, -440.14, 65.74),
vector3(1184.85, -407.89, 66.63),
vector3(1189.63, -379.87, 67.49),
vector3(1182.82, -356.47, 67.58),
vector3(1167.61, -341.75, 67.42),
vector3(1152.06, -345.8, 66.13),
vector3(1135.73, -348.81, 65.97),
vector3(1110.91, -355.56, 65.89),
vector3(1098.13, -362.8, 65.91),
vector3(1074.0, -343.62, 65.98),
vector3(1054.68, -332.36, 66.03),
vector3(1026.65, -334.86, 66.03),
vector3(1013.57, -326.19, 66.06),
vector3(992.52, -315.2, 66.06),
vector3(980.55, -314.94, 66.04),
vector3(964.75, -313.91, 65.75),
vector3(952.35, -321.96, 65.83),
vector3(934.48, -329.66, 65.29),
vector3(910.65, -336.23, 64.03),
vector3(890.06, -339.71, 62.24),
vector3(848.42, -344.75, 57.51),
vector3(816.82, -348.09, 53.26),
vector3(778.91, -355.74, 47.78),
vector3(766.47, -346.02, 46.57),
vector3(753.0, -336.0, 46.1),
vector3(727.75, -311.87, 52.79),
vector3(727.24, -287.17, 53.8),
vector3(715.7, -293.31, 57.38),
vector3(708.33, -242.21, 64.75),
vector3(723.34, -221.36, 66.41),
vector3(736.55, -192.61, 68.77),
vector3(750.01, -164.95, 73.81),
vector3(767.53, -156.19, 73.51),
vector3(788.54, -165.01, 72.87),
vector3(839.75, -194.5, 71.45),
vector3(872.44, -215.65, 68.9),
vector3(911.22, -240.32, 68.2),
vector3(938.36, -258.66, 66.45),
vector3(-1840.64, 1947.17, 144.17),
vector3(-1879.01, 1983.34, 141.97),
vector3(-1900.49, 1995.59, 141.11),
vector3(-1911.5, 2019.29, 139.92),
vector3(-1921.37, 2042.91, 139.62),
vector3(-1920.56, 2068.4, 139.36),
vector3(-1921.51, 2091.35, 134.37),
vector3(-1917.64, 2125.42, 120.75),
vector3(-1897.54, 2099.48, 136.86),
vector3(-1871.21, 2093.97, 138.77),
vector3(-1854.29, 2088.51, 139.15),
vector3(-1829.38, 2085.96, 135.3),
vector3(-1802.18, 2084.09, 129.97),
vector3(-1780.35, 2084.35, 124.26),
vector3(-1752.05, 2085.53, 117.19),
vector3(-1715.21, 2103.39, 111.38),
vector3(-1692.94, 2132.42, 106.32),
vector3(-1670.28, 2152.59, 101.04),
vector3(-1638.3, 2198.75, 90.14),
vector3(-1667.75, 2214.7, 86.3),
vector3(-1684.19, 2240.43, 83.15),
vector3(-1717.23, 2273.0, 77.83),
vector3(-1742.59, 2281.3, 76.21),
vector3(-1771.79, 2292.35, 72.35),
vector3(-1801.36, 2294.33, 67.73),
vector3(-1837.05, 2290.71, 67.51),
vector3(-1872.01, 2313.74, 62.78),
vector3(-1922.69, 2305.0, 57.55),
vector3(-1952.88, 2279.05, 53.68),
vector3(-1985.47, 2271.12, 50.55),
vector3(-2021.14, 2271.22, 45.58),
vector3(-2055.31, 2288.92, 40.31),
vector3(-2078.23, 2298.04, 37.09),
vector3(-2109.8, 2300.21, 36.34),
vector3(-2166.95, 2300.79, 33.75),
vector3(-2188.81, 2290.72, 32.68),
vector3(-2252.78, 2292.82, 31.3),
vector3(-2297.63, 2241.37, 33.0),
vector3(-2319.9, 2236.58, 32.07),
vector3(-2365.68, 2240.49, 32.26),
vector3(-2404.7, 2290.86, 31.85),
vector3(-2458.54, 2312.54, 30.18),
vector3(-2503.3, 2319.38, 31.65),
vector3(-2534.72, 2342.07, 31.97),
vector3(-2554.91, 2337.66, 31.94),
vector3(-2571.97, 2325.7, 31.94),
vector3(-2594.71, 2318.92, 30.08),
vector3(-2637.77, 2297.11, 23.21),
vector3(-2708.07, 2261.86, 18.85),
vector3(-2746.91, 2225.07, 21.83),
vector3(-2843.12, 2168.01, 32.33),
vector3(-2923.13, 2164.2, 38.32),
vector3(-3002.66, 2045.17, 35.77),
vector3(-2992.93, 1932.71, 27.82),
vector3(-3055.13, 1828.04, 31.62),
vector3(-3024.65, 1751.64, 35.4),
vector3(-3039.72, 1663.14, 33.22),
vector3(-2959.44, 1544.14, 27.98),
vector3(-3051.37, 1433.29, 22.86),
vector3(-3106.34, 1323.25, 19.15),
vector3(-3171.29, 1301.85, 13.65),
vector3(-3178.58, 1280.44, 11.88),
vector3(-3170.39, 1225.41, 8.97),
vector3(-3178.54, 1160.76, 8.33),
vector3(-3203.7, 1138.7, 8.8),
vector3(-3208.49, 1086.56, 9.53),
vector3(-3237.82, 1043.21, 10.33),
vector3(-3222.35, 992.26, 11.31),
vector3(-3236.57, 952.92, 12.0),
vector3(-3205.74, 904.74, 12.45),
vector3(-3194.71, 870.62, 8.06),
vector3(-3190.97, 811.6, 2.79),
vector3(-3169.98, 784.68, 2.78),
vector3(-3106.86, 767.92, 18.54),
vector3(-3073.83, 733.44, 20.77),
vector3(-3008.33, 696.51, 22.34),
vector3(-3002.75, 681.0, 21.7),
vector3(-2983.56, 607.78, 18.7),
vector3(-2980.23, 577.13, 17.25),
vector3(-3003.14, 542.32, 15.71),
vector3(-2987.26, 502.39, 14.35),
vector3(-2970.61, 488.16, 14.29),
vector3(-2947.67, 492.55, 14.18),
vector3(-2936.91, 465.03, 14.25),
vector3(-2971.3, 451.38, 14.16),
vector3(-3013.68, 405.83, 13.78),
vector3(-3071.95, 372.41, 5.81),
vector3(-3082.04, 336.86, 6.07),
vector3(-3090.27, 323.05, 6.38),
vector3(-3093.43, 281.94, 8.33),
vector3(-3084.56, 230.01, 12.85),
vector3(-3051.92, 221.55, 14.98),
vector3(-3038.12, 174.21, 14.79),
vector3(-3037.64, 130.17, 10.49),
vector3(-3018.74, 96.55, 10.5),
vector3(-2986.73, 83.02, 10.46),
vector3(-2972.43, 64.04, 10.49),
vector3(-2948.95, 56.4, 10.48),
vector3(-2851.47, 42.2, 14.56),
vector3(-2819.8, 27.39, 13.78),
vector3(-2746.58, 30.93, 14.77),
vector3(-2691.06, -12.28, 14.91),
vector3(-2645.07, -115.85, 18.13),
vector3(-2508.17, -177.14, 19.19),
vector3(-2394.52, -239.01, 14.54),
vector3(-2282.96, -347.54, 12.31),
vector3(-2218.17, -362.89, 12.17),
vector3(-2193.54, -377.72, 12.16),
vector3(-2185.24, -399.98, 12.11),
vector3(-2157.41, -417.85, 12.25),
vector3(-2107.94, -419.62, 8.28),
vector3(-2075.33, -415.36, 10.13),
vector3(-2013.82, -401.57, 9.99),
vector3(-1987.87, -411.83, 13.56),
vector3(-1941.94, -420.87, 18.48),
vector3(-1877.35, -464.43, 23.52),
vector3(-1827.28, -522.89, 28.36),
vector3(-1743.28, -574.29, 36.29),
vector3(-1677.89, -589.71, 32.73),
vector3(-1621.0, -590.88, 32.33),
vector3(-1573.65, -602.56, 32.89),
vector3(-1554.9, -584.56, 32.84),
vector3(-1526.54, -568.75, 32.18),
vector3(-1525.77, -568.04, 32.39),
vector3(-1506.39, -536.34, 31.71),
vector3(-1490.23, -521.48, 31.68),
vector3(-1461.3, -494.1, 31.81),
vector3(-1402.78, -475.63, 31.07),
vector3(-1380.03, -474.87, 30.45),
vector3(-1299.54, -479.67, 32.08),
vector3(-1242.59, -468.68, 32.39),
vector3(-1219.27, -450.37, 32.36),
vector3(-1210.91, -408.98, 32.72),
vector3(-1189.33, -403.65, 33.32),
vector3(-1166.24, -394.96, 34.6),
vector3(-1133.71, -393.72, 35.49),
vector3(-1106.98, -408.51, 35.46),
vector3(-1095.01, -415.28, 35.5),
vector3(-1084.35, -439.77, 35.49),
vector3(-1068.04, -462.34, 35.53),
vector3(-1025.24, -457.47, 35.88),
vector3(-1001.3, -442.13, 36.18),
vector3(-948.06, -415.96, 36.68),
vector3(-910.46, -416.86, 36.54),
vector3(-879.33, -402.5, 37.66),
vector3(-848.2, -389.91, 38.4),
vector3(-833.53, -360.94, 37.43),
vector3(-821.2, -326.5, 36.05),
vector3(-776.7, -308.39, 35.82),
vector3(-747.27, -318.26, 35.38),
vector3(-730.71, -340.55, 34.48),
vector3(-703.86, -372.96, 33.13),
vector3(-666.61, -387.46, 33.42),
vector3(-654.08, -390.06, 33.68),
vector3(-605.6, -389.43, 33.84),
vector3(-579.32, -389.21, 33.81),
vector3(-553.53, -390.29, 33.95),
vector3(-540.63, -383.18, 33.95),
vector3(-515.71, -351.56, 34.23),
vector3(-494.93, -355.67, 33.67),
vector3(-462.55, -395.7, 32.65),
vector3(-439.79, -398.69, 31.99),
vector3(-400.86, -365.71, 31.05),
vector3(-339.73, -375.23, 29.39),
vector3(-335.65, -411.91, 29.1),
vector3(-307.41, -414.4, 29.01),
vector3(-280.13, -418.45, 29.08),
vector3(-257.59, -421.62, 29.15),
vector3(-253.34, -417.18, 29.22),
vector3(-230.95, -375.8, 29.12),
vector3(-207.74, -384.66, 30.74),
vector3(-194.24, -375.12, 31.24),
vector3(-183.09, -366.82, 31.56),
vector3(-172.9, -353.55, 32.37),
vector3(-155.72, -357.81, 33.22),
vector3(-150.96, -358.29, 33.72),
vector3(-134.5, -355.8, 34.07),
vector3(-128.59, -348.83, 34.96),
vector3(-127.44, -335.89, 36.1),
vector3(-119.74, -315.92, 38.01),
vector3(-113.28, -304.29, 39.18),
vector3(-101.95, -287.4, 41.64),
vector3(-88.91, -272.25, 42.7),
vector3(-74.57, -270.37, 43.72),
vector3(-55.15, -264.72, 44.74),
vector3(-27.91, -243.96, 45.15),
vector3(-16.13, -246.92, 45.58),
vector3(-0.32, -251.87, 46.06),
vector3(13.0, -260.1, 46.46),
vector3(29.75, -254.36, 46.88),
vector3(38.42, -231.62, 48.88),
vector3(27.64, -221.92, 50.35),
vector3(12.93, -215.99, 51.4),
vector3(3.25, -206.22, 51.74),
vector3(-10.57, -205.47, 51.57),
vector3(-23.64, -198.1, 51.36),
vector3(-34.64, -193.67, 51.36),
vector3(-47.44, -193.41, 51.13),
vector3(-55.66, -185.53, 51.14),
vector3(-67.24, -183.18, 50.21),
vector3(-73.15, -171.61, 51.31),
vector3(-70.79, -155.64, 54.44),
vector3(-67.59, -138.77, 56.72),
vector3(-61.0, -117.89, 56.95),
vector3(-61.57, -93.38, 56.76),
vector3(-58.89, -82.68, 56.85),
vector3(-66.84, -74.54, 57.34),
vector3(-79.23, -66.02, 57.82),
vector3(-78.87, -55.37, 59.4),
vector3(-81.12, -49.31, 60.51),
vector3(-73.28, -33.01, 63.89),
vector3(-69.61, -14.3, 67.79),
vector3(-72.44, -5.88, 68.76),
vector3(-63.17, 6.57, 70.78),
vector3(-59.73, 18.29, 71.24),
vector3(-59.5, 25.62, 71.2),
vector3(-68.33, 30.39, 71.18),
vector3(-89.9, 43.13, 70.8),
vector3(-112.71, 56.68, 70.4),
vector3(-123.65, 57.64, 70.15),
vector3(-127.64, 63.26, 70.18),
vector3(-148.7, 76.18, 69.79),
vector3(-169.09, 85.79, 69.43),
vector3(-183.92, 94.77, 69.12),
vector3(-195.77, 102.22, 68.85),
vector3(-210.3, 111.35, 68.62),
vector3(-228.6, 106.88, 68.72),
vector3(-241.68, 111.29, 68.6),
vector3(-262.8, 112.74, 68.0),
vector3(-280.9, 111.75, 67.47),
vector3(-303.08, 111.58, 66.85),
vector3(-332.31, 111.98, 66.1),
vector3(-353.03, 111.87, 65.51),
vector3(-377.23, 112.32, 64.85),
vector3(-401.41, 112.97, 64.35),
vector3(-414.41, 104.97, 63.57),
vector3(-424.65, 106.07, 63.58),
vector3(-437.99, 110.89, 63.78),
vector3(-445.63, 114.96, 63.61),
vector3(-449.63, 141.41, 63.54),
vector3(-431.72, 140.89, 63.9),
vector3(-408.14, 137.83, 64.32),
vector3(-382.53, 139.0, 64.74),
vector3(-369.17, 140.94, 65.03),
vector3(-348.86, 139.2, 65.67),
vector3(-339.85, 144.7, 65.79),
vector3(-329.26, 141.54, 66.21),
vector3(-302.76, 136.35, 66.96),
vector3(-277.66, 139.76, 67.66),
vector3(-259.46, 135.45, 68.2),
vector3(-245.8, 140.25, 68.57),
vector3(-238.41, 146.02, 69.24),
vector3(-217.75, 147.52, 69.6),
vector3(-212.12, 177.14, 76.05),
vector3(-190.19, 179.49, 76.65),
vector3(-165.31, 177.16, 79.06),
vector3(-148.46, 170.87, 82.48),
vector3(-120.87, 164.63, 82.95),
vector3(-95.08, 178.13, 87.29),
vector3(-82.59, 184.54, 86.74),
vector3(-62.75, 185.94, 86.39),
vector3(814.0, -1952.78, 28.02),
vector3(831.03, -1874.95, 27.84),
vector3(840.14, -1826.36, 27.75),
vector3(846.45, -1764.77, 27.68),
vector3(860.99, -1731.37, 28.12),
vector3(848.37, -1701.32, 27.87),
vector3(856.29, -1662.55, 27.89),
vector3(858.97, -1624.4, 29.75),
vector3(859.8, -1589.11, 30.17),
vector3(849.03, -1549.08, 28.16),
vector3(826.52, -1498.39, 26.75),
vector3(812.01, -1453.55, 25.69),
vector3(813.97, -1414.52, 25.79),
vector3(812.68, -1374.14, 25.26),
vector3(812.92, -1337.59, 24.8),
vector3(814.4, -1306.02, 24.77),
vector3(814.39, -1269.44, 24.93),
vector3(814.85, -1240.91, 24.93),
vector3(811.18, -1208.8, 25.14),
vector3(811.87, -1184.39, 26.53),
vector3(809.98, -1152.02, 27.22),
vector3(809.09, -1116.66, 27.7),
vector3(802.53, -1066.64, 26.54),
vector3(798.12, -1020.24, 24.67),
vector3(798.67, -983.71, 24.74),
vector3(759.28, -984.57, 24.24),
vector3(771.0, -1039.06, 25.14),
vector3(774.53, -1083.09, 27.19),
vector3(779.02, -1125.84, 27.71),
vector3(781.27, -1171.68, 27.18),
vector3(782.56, -1219.57, 24.86),
vector3(784.8, -1258.19, 24.91),
vector3(783.49, -1299.88, 24.73),
vector3(783.32, -1331.91, 24.69),
vector3(782.09, -1376.78, 25.26),
vector3(781.66, -1407.11, 25.59),
vector3(781.29, -1445.33, 25.61),
vector3(788.0, -1478.62, 26.1),
vector3(801.58, -1511.1, 27.06),
vector3(816.16, -1546.34, 28.03),
vector3(826.15, -1575.06, 28.94),
vector3(818.15, -1641.91, 28.84),
vector3(815.01, -1690.33, 24.5),
vector3(807.98, -1734.74, 27.72),
vector3(799.11, -1774.68, 27.91),
vector3(783.99, -1867.01, 27.79),
vector3(771.81, -1922.0, 27.9),
vector3(765.48, -1949.9, 27.89),
vector3(759.18, -1994.87, 27.85),
vector3(753.47, -2014.75, 27.86),
vector3(751.41, -2043.08, 27.68),
vector3(745.91, -2092.84, 27.91),
vector3(741.01, -2135.96, 27.84),
vector3(738.75, -2166.48, 27.84),
vector3(734.85, -2202.76, 27.85),
vector3(734.22, -2236.21, 27.86),
vector3(730.18, -2271.42, 27.59),
vector3(728.22, -2308.03, 25.76),
vector3(725.74, -2340.43, 23.44),
vector3(729.85, -2362.68, 21.81),
vector3(719.06, -2397.61, 19.4),
vector3(711.61, -2427.25, 18.55),
vector3(698.63, -2450.43, 18.47),
vector3(682.61, -2469.86, 18.45),
vector3(659.97, -2485.61, 17.45),
vector3(621.5, -2489.16, 15.57),
vector3(674.27, -2508.95, 18.41),
vector3(694.73, -2522.33, 18.56),
vector3(719.66, -2556.41, 18.32),
vector3(718.82, -2602.74, 16.83),
vector3(718.11, -2643.32, 13.89),
vector3(718.97, -2704.48, 6.12),
vector3(720.75, -2732.09, 5.23),
vector3(717.43, -2765.16, 5.06),
vector3(699.21, -2795.54, 4.74),
vector3(691.29, -2821.8, 4.52),
vector3(686.43, -2854.41, 4.46),
vector3(682.15, -2879.18, 4.52),
vector3(669.86, -2904.82, 4.8),
vector3(665.21, -2929.9, 4.63),
vector3(659.54, -2970.23, 4.62),
vector3(641.48, -2996.75, 4.61),
vector3(620.11, -3013.79, 4.62),
vector3(601.73, -3035.39, 4.65),
vector3(569.64, -3041.9, 4.65),
vector3(536.04, -3042.92, 4.63),
vector3(508.76, -3053.34, 4.64),
vector3(481.5, -3051.24, 4.82),
vector3(458.44, -3060.67, 4.8),
vector3(440.59, -3061.14, 5.02),
vector3(442.59, -3107.97, 4.67),
vector3(450.35, -3224.11, 4.64),
vector3(482.15, -3367.01, 4.72),
vector3(486.35, -3377.13, 4.82),
vector3(512.58, -3374.09, 4.58),
vector3(712.93, -3207.31, 17.95),
vector3(716.11, -3176.44, 18.07),
vector3(718.66, -3138.65, 17.03),
vector3(720.01, -3108.49, 15.23),
vector3(738.34, -2758.66, 5.18),
vector3(735.68, -2721.7, 5.46),
vector3(737.58, -2691.23, 7.42),
vector3(782.04, -2632.06, 51.18),
vector3(828.16, -2629.72, 51.03),
vector3(868.6, -2607.73, 50.02),
vector3(909.03, -2604.31, 48.35),
vector3(940.57, -2605.56, 46.57),
vector3(992.22, -2589.44, 42.45),
vector3(1039.99, -2591.82, 37.85),
vector3(1078.13, -2582.31, 33.24),
vector3(1118.48, -2582.78, 30.39),
vector3(1154.28, -2578.23, 32.41),
vector3(1187.05, -2574.82, 34.66),
vector3(1225.9, -2605.1, 41.01),
vector3(1258.3, -2609.91, 43.22),
vector3(1290.07, -2598.35, 44.87),
vector3(1323.27, -2591.5, 46.27),
vector3(1357.37, -2545.92, 46.42),
vector3(1375.37, -2520.99, 47.5),
vector3(1390.26, -2492.28, 51.47),
vector3(1411.23, -2456.31, 56.46),
vector3(1441.24, -2441.99, 61.93),
vector3(1461.06, -2418.24, 65.36),
vector3(1463.62, -2390.82, 64.91),
vector3(1449.35, -2291.61, 65.74),
vector3(1456.78, -2262.56, 65.6),
vector3(1445.57, -2192.76, 61.42),
vector3(1444.1, -2141.67, 58.01),
vector3(1454.48, -2103.35, 54.07),
vector3(1456.31, -2073.51, 53.6),
vector3(1471.66, -2035.26, 57.04),
vector3(1484.75, -1975.43, 69.6),
vector3(1506.14, -1932.42, 69.39),
vector3(1518.5, -1901.09, 71.5),
vector3(1503.72, -1854.09, 69.72),
vector3(1491.63, -1820.67, 69.8),
vector3(1484.18, -1783.05, 69.19),
vector3(1477.69, -1752.0, 67.62),
vector3(1466.63, -1722.1, 66.4),
vector3(1466.91, -1685.76, 64.82),
vector3(1473.32, -1659.71, 65.22),
vector3(1475.55, -1638.22, 68.41),
vector3(1456.56, -1625.67, 67.48),
vector3(1407.28, -1595.64, 55.72),
vector3(1356.36, -1583.59, 51.35),
vector3(1379.76, -1563.17, 53.76),
vector3(1410.18, -1542.68, 56.87),
vector3(1433.94, -1523.64, 60.0),
vector3(1438.16, -1519.52, 60.81),
vector3(1435.51, -1512.01, 60.86),
vector3(1421.51, -1506.88, 59.62),
vector3(1391.26, -1518.87, 56.49),
vector3(1364.54, -1534.87, 54.04),
vector3(1339.22, -1551.17, 51.17),
vector3(1318.52, -1542.75, 48.77),
vector3(1287.47, -1501.48, 39.18),
vector3(1278.09, -1463.83, 34.28),
vector3(1268.84, -1434.46, 33.45),
vector3(1244.2, -1402.41, 33.8),
vector3(1209.64, -1395.25, 33.83),
vector3(1187.38, -1406.42, 33.66),
vector3(1171.47, -1414.74, 33.42),
vector3(1150.55, -1430.3, 33.36),
vector3(1125.39, -1461.69, 33.32),
vector3(1108.14, -1472.52, 33.48),
vector3(1100.74, -1492.53, 33.32),
vector3(1102.11, -1514.45, 33.56),
vector3(1130.59, -1509.88, 33.35),
vector3(1166.54, -1511.43, 33.34),
vector3(1201.41, -1514.17, 33.33),
vector3(1223.47, -1523.42, 33.33),
vector3(1245.91, -1484.8, 33.55),
vector3(1236.57, -1414.74, 33.9),
vector3(1224.88, -1326.23, 33.77),
vector3(1230.53, -1292.78, 33.63),
vector3(1232.72, -1267.85, 33.81),
vector3(1230.34, -1229.24, 34.35),
vector3(1228.01, -1202.54, 34.75),
vector3(1215.01, -1165.49, 35.79),
vector3(1209.52, -1145.41, 36.15),
vector3(1260.29, -1241.71, 34.47),
vector3(1258.63, -1219.85, 35.05),
vector3(1252.9, -1191.7, 35.54),
vector3(1247.86, -1169.3, 36.09),
vector3(1239.28, -1140.71, 36.62),
vector3(1231.27, -1125.71, 36.43),
vector3(1233.26, -1423.35, 34.02),
vector3(1255.84, -1481.1, 35.15),
vector3(1265.26, -1508.33, 38.93),
vector3(1272.17, -1529.91, 42.76),
vector3(1280.92, -1552.83, 46.79),
vector3(1291.71, -1571.64, 49.52),
vector3(1306.25, -1594.45, 51.17),
vector3(1321.31, -1613.23, 51.05),
vector3(1342.89, -1643.46, 51.02),
vector3(1359.17, -1665.87, 53.77),
vector3(1374.05, -1693.12, 59.93),
vector3(1383.43, -1713.54, 63.29),
vector3(1388.56, -1730.59, 64.24),
vector3(1393.85, -1756.02, 64.62),
vector3(1410.29, -1795.92, 66.55),
vector3(1414.77, -1826.35, 68.17),
vector3(1417.7, -1852.82, 69.62),
vector3(1418.25, -1873.64, 69.75),
vector3(1413.08, -1899.83, 68.78),
vector3(1400.91, -1937.21, 64.78),
vector3(1378.62, -1960.83, 60.46),
vector3(1303.01, -2010.08, 45.12),
vector3(1273.13, -2023.94, 43.28),
vector3(1262.14, -2030.81, 43.36),
vector3(1242.78, -2015.56, 42.72),
vector3(1236.22, -1993.09, 42.05),
vector3(1217.12, -1960.91, 39.67),
vector3(1206.25, -1928.74, 36.58),
vector3(1179.06, -1899.11, 32.97),
vector3(1166.74, -1862.73, 29.79),
vector3(1147.59, -1838.76, 28.24),
vector3(1144.43, -1811.08, 27.89),
vector3(1131.81, -1791.3, 27.9),
vector3(1126.2, -1771.58, 27.86),
vector3(1120.07, -1753.27, 27.9),
vector3(1106.9, -1741.26, 27.89),
vector3(1092.11, -1724.34, 27.91),
vector3(1082.0, -1705.21, 28.03),
vector3(1079.06, -1684.49, 28.04),
vector3(1080.6, -1663.99, 27.99),
vector3(1078.74, -1644.76, 27.97),
vector3(1071.58, -1623.51, 26.6),
vector3(1046.19, -1471.13, 27.13),
vector3(1054.25, -1450.86, 27.43),
vector3(1063.65, -1430.27, 27.75),
vector3(1075.84, -1412.45, 28.12),
vector3(1095.51, -1381.35, 29.37),
vector3(1357.44, -1697.39, 59.36),
vector3(1357.39, -1697.51, 59.37),
vector3(1333.63, -1706.78, 55.24),
vector3(1301.94, -1718.31, 52.67),
vector3(1277.29, -1734.88, 50.83),
vector3(1253.44, -1748.8, 46.36),
vector3(1226.53, -1766.72, 40.08),
vector3(1205.98, -1769.12, 38.42),
vector3(1188.72, -1755.52, 37.13),
vector3(1186.67, -1748.93, 36.73),
vector3(1190.14, -1725.5, 34.68),
vector3(1215.71, -1702.93, 36.04),
vector3(1241.31, -1689.92, 40.0),
vector3(1256.56, -1677.98, 43.0),
vector3(1285.02, -1638.54, 49.32),
vector3(1309.23, -1621.45, 50.95),
vector3(1318.53, -1606.28, 51.21),
vector3(1297.09, -1588.46, 50.83),
vector3(1281.99, -1555.91, 47.32),
vector3(1266.22, -1532.34, 43.21),
vector3(1248.6, -1540.35, 42.15),
vector3(1187.22, -1558.32, 37.97),
vector3(1224.12, -590.87, 67.59),
vector3(1224.01, -559.16, 67.88),
vector3(1222.67, -533.25, 65.65),
vector3(1224.82, -503.0, 65.08),
vector3(1231.53, -481.98, 65.21),
vector3(1233.8, -459.13, 65.34),
vector3(1256.18, -357.42, 67.74),
vector3(1217.31, -282.17, 68.18),
vector3(1267.76, -284.03, 78.3),
vector3(1306.3, -273.65, 90.64),
vector3(1282.59, -238.97, 96.08),
vector3(1291.79, -189.54, 102.7),
vector3(1326.76, -164.08, 108.87),
vector3(1332.35, -131.09, 114.67),
vector3(1348.18, -108.61, 119.75),
vector3(1421.8, -123.63, 131.42),
vector3(1475.39, -111.07, 141.44),
vector3(1526.24, -95.43, 152.7),
vector3(1574.31, -74.35, 158.51),
vector3(1613.13, -77.18, 163.48),
vector3(1651.11, -87.96, 168.75),
vector3(1672.58, -73.45, 172.36),
vector3(1671.17, -31.69, 172.41),
vector3(1656.6, 3.91, 172.38),
vector3(1640.77, 23.07, 172.52),
vector3(1660.98, 54.33, 170.83),
vector3(1695.28, 63.72, 170.16),
vector3(1725.63, 73.4, 169.69),
vector3(1753.43, 103.7, 169.85),
vector3(1780.41, 118.61, 169.41),
vector3(1811.0, 130.17, 170.18),
vector3(1833.28, 154.28, 169.85),
vector3(1835.15, 179.78, 170.6),
vector3(1829.26, 210.81, 171.67),
vector3(1818.63, 237.77, 171.97),
vector3(1806.68, 266.29, 171.98),
vector3(1805.06, 298.73, 170.28),
vector3(1805.63, 327.59, 170.27),
vector3(1805.51, 361.38, 170.29),
vector3(1810.0, 390.81, 170.47),
vector3(1800.36, 415.91, 169.92),
vector3(1790.54, 441.17, 168.83),
vector3(1795.4, 478.86, 170.22),
vector3(1840.2, 483.38, 170.4),
vector3(1882.58, 476.93, 170.35),
vector3(1909.88, 480.21, 171.23),
vector3(1920.44, 510.03, 170.34),
vector3(1922.54, 537.91, 173.28),
vector3(1927.48, 574.02, 173.8),
vector3(1942.99, 606.94, 174.92),
vector3(1949.4, 637.21, 177.15),
vector3(1941.25, 660.7, 181.62),
vector3(1933.58, 685.62, 186.65),
vector3(1927.08, 714.51, 188.11),
vector3(1925.75, 735.37, 188.77),
vector3(1919.04, 770.2, 191.69),
vector3(1921.06, 802.51, 195.52),
vector3(1929.55, 863.93, 204.8),
